494 , 216
494 , 220
493 , 222
493 , 222
497 , 226
497 , 226
497 , 226
504 , 226
505 , 231
505 , 231
507 , 231
505 , 231
506 , 236
489 , 236
495 , 236
502 , 231
509 , 231
509 , 229
517 , 229
516 , 225
516 , 225
514 , 225
514 , 225
510 , 225
489 , 225
497 , 229
496 , 225
496 , 225
504 , 229
483 , 225
486 , 225
486 , 225
487 , 225
490 , 221
487 , 221
487 , 225
489 , 227
495 , 227
495 , 227
501 , 222
504 , 226
503 , 222
485 , 221
488 , 220
488 , 216
487 , 222
491 , 220
490 , 222
493 , 222
481 , 222
484 , 222
484 , 222
486 , 222
485 , 224
486 , 224
473 , 225
478 , 222
480 , 224
482 , 224
480 , 224
487 , 225
494 , 223
491 , 224
491 , 224
494 , 223
494 , 223
498 , 228
500 , 228
482 , 228
483 , 224
485 , 228
491 , 228
491 , 228
492 , 228
492 , 224
492 , 228
494 , 228
499 , 228
499 , 226
504 , 228
501 , 228
504 , 228
491 , 228
491 , 224
491 , 228
494 , 223
496 , 223
500 , 223
498 , 222
497 , 223
500 , 223
483 , 220
486 , 218
488 , 224
491 , 217
488 , 222
496 , 223
494 , 223
494 , 219
497 , 223
497 , 223
498 , 226
497 , 223
506 , 223
504 , 228
506 , 227
504 , 228
505 , 232
509 , 232
516 , 232
513 , 228
513 , 228
509 , 228
517 , 226
517 , 226
518 , 224
515 , 229
497 , 231
478 , 231
481 , 235
481 , 235
487 , 233
488 , 233
488 , 233
494 , 233
493 , 231
500 , 231
503 , 231
501 , 231
481 , 231
488 , 231
488 , 231
494 , 231
496 , 231
498 , 231
496 , 231
500 , 231
503 , 231
503 , 231
506 , 226
511 , 231
507 , 227
512 , 225
513 , 229
517 , 229
517 , 229
517 , 229
517 , 231
521 , 231
519 , 231
521 , 231
525 , 231
504 , 231
504 , 231
504 , 231
505 , 235
507 , 231
508 , 236
508 , 236
508 , 236
512 , 236
515 , 231
521 , 231
526 , 229
526 , 229
526 , 229
523 , 229
523 , 229
523 , 229
523 , 229
519 , 229
526 , 229
523 , 231
523 , 231
523 , 231
521 , 226
523 , 231
527 , 231
527 , 231
523 , 231
519 , 226
521 , 226
523 , 231
518 , 228
518 , 228
517 , 226
521 , 231
520 , 233
516 , 233
516 , 233
516 , 233
516 , 233
516 , 233
518 , 233
516 , 228
516 , 228
516 , 228
516 , 228
516 , 228
516 , 228
516 , 228
516 , 228
516 , 228
516 , 228
516 , 228
521 , 228
521 , 228
516 , 228
515 , 223
516 , 228
516 , 228
498 , 228
500 , 225
500 , 225
503 , 225
506 , 230
509 , 225
509 , 225
512 , 225
509 , 220
513 , 220
513 , 220
513 , 220
509 , 220
510 , 225
510 , 225
510 , 225
508 , 225
508 , 225
510 , 225
510 , 225
506 , 227
510 , 227
512 , 225
495 , 225
498 , 227
501 , 227
501 , 227
505 , 225
504 , 220
504 , 220
504 , 220
504 , 220
504 , 216
504 , 216
504 , 216
508 , 220
508 , 220
508 , 220
511 , 220
508 , 218
508 , 218
511 , 220
513 , 220
513 , 220
513 , 220
513 , 220
513 , 220
517 , 219
517 , 219
517 , 219
521 , 219
525 , 219
529 , 219
529 , 219
527 , 214
527 , 214
527 , 214
525 , 214
523 , 214
535 , 218
529 , 214
527 , 214
527 , 214
523 , 214
523 , 214
525 , 219
523 , 214
525 , 219
522 , 219
522 , 219
525 , 219
526 , 219
525 , 219
522 , 219
522 , 219
519 , 219
519 , 219
519 , 219
518 , 221
516 , 216
520 , 216
522 , 221
522 , 221
520 , 216
522 , 221
522 , 221
522 , 221
522 , 221
526 , 221
528 , 220
522 , 219
526 , 221
526 , 221
522 , 221
522 , 221
530 , 220
534 , 220
530 , 220
510 , 222
513 , 217
514 , 221
497 , 223
499 , 222
499 , 222
502 , 218
509 , 215
509 , 215
515 , 216
519 , 216
515 , 216
515 , 216
515 , 216
517 , 216
515 , 216
515 , 216
512 , 217
512 , 215
516 , 215
516 , 215
516 , 215
516 , 215
518 , 210
520 , 211
520 , 211
517 , 216
517 , 211
518 , 210
521 , 209
521 , 209
518 , 210
518 , 210
518 , 210
517 , 211
521 , 209
521 , 209
521 , 209
523 , 211
521 , 209
524 , 209
526 , 209
525 , 211
526 , 209
527 , 214
527 , 214
527 , 214
522 , 209
521 , 214
523 , 214
521 , 214
521 , 214
520 , 216
521 , 214
523 , 209
523 , 209
520 , 216
521 , 214
519 , 214
519 , 216
523 , 214
527 , 214
527 , 214
527 , 214
526 , 216
528 , 216
526 , 216
525 , 211
529 , 217
525 , 212
531 , 212
532 , 210
526 , 211
534 , 210
541 , 209
536 , 210
543 , 214
539 , 213
539 , 213
535 , 213
535 , 213
531 , 214
531 , 214
527 , 214
527 , 214
527 , 214
527 , 214
526 , 221
526 , 221
526 , 219
522 , 216
522 , 216
522 , 216
526 , 216
527 , 210
526 , 216
526 , 216
530 , 215
530 , 215
530 , 215
526 , 216
527 , 214
526 , 216
530 , 215
526 , 216
526 , 216
523 , 214
525 , 214
525 , 214
523 , 214
529 , 214
529 , 214
529 , 219
531 , 219
531 , 219
528 , 215
522 , 216
522 , 216
521 , 216
525 , 216
502 , 218
506 , 222
506 , 222
506 , 222
506 , 222
504 , 222
506 , 217
506 , 217
503 , 218
505 , 217
504 , 219
505 , 217
505 , 217
505 , 217
505 , 217
505 , 217
506 , 222
503 , 218
506 , 217
506 , 217
506 , 217
506 , 217
506 , 217
507 , 217
506 , 219
506 , 219
507 , 217
507 , 217
507 , 217
509 , 217
513 , 217
520 , 216
524 , 216
520 , 216
523 , 218
523 , 218
522 , 221
522 , 221
522 , 221
522 , 221
526 , 221
526 , 221
522 , 221
522 , 221
522 , 221
518 , 221
518 , 221
522 , 221
518 , 221
516 , 216
516 , 216
515 , 218
517 , 218
514 , 217
514 , 217
514 , 217
514 , 217
518 , 216
514 , 217
514 , 217
