165 , 254
176 , 263
176 , 264
158 , 249
160 , 254
149 , 252
169 , 255
161 , 254
161 , 254
161 , 254
160 , 254
160 , 254
157 , 253
153 , 253
151 , 252
146 , 252
141 , 256
143 , 251
156 , 258
148 , 252
153 , 252
169 , 255
165 , 254
156 , 248
168 , 260
168 , 261
168 , 261
164 , 260
153 , 253
151 , 252
145 , 252
148 , 252
152 , 257
145 , 257
156 , 253
152 , 257
163 , 264
163 , 264
163 , 265
178 , 272
192 , 280
182 , 271
178 , 272
179 , 274
185 , 276
177 , 275
177 , 275
181 , 276
176 , 280
175 , 283
159 , 270
162 , 264
181 , 281
196 , 277
196 , 277
190 , 271
178 , 265
173 , 265
169 , 264
173 , 265
164 , 264
167 , 265
165 , 259
168 , 260
172 , 260
173 , 265
179 , 268
160 , 259
166 , 259
168 , 264
182 , 273
175 , 267
168 , 260
171 , 259
167 , 259
153 , 252
146 , 251
149 , 252
142 , 251
143 , 251
146 , 251
142 , 251
149 , 252
149 , 252
153 , 258
159 , 258
142 , 251
135 , 251
138 , 251
140 , 251
142 , 251
155 , 258
149 , 257
170 , 259
170 , 259
172 , 259
168 , 259
158 , 263
159 , 263
157 , 263
157 , 263
157 , 263
162 , 270
159 , 265
163 , 265
159 , 263
163 , 264
172 , 271
172 , 271
164 , 263
170 , 275
162 , 269
162 , 269
170 , 275
175 , 276
166 , 270
162 , 269
152 , 269
164 , 272
154 , 264
152 , 269
152 , 260
152 , 260
149 , 266
143 , 266
138 , 265
138 , 270
144 , 270
149 , 271
143 , 266
144 , 271
131 , 265
144 , 271
150 , 272
144 , 272
132 , 265
132 , 265
138 , 270
144 , 270
143 , 266
148 , 266
154 , 266
168 , 267
165 , 262
164 , 263
164 , 262
160 , 262
160 , 262
155 , 262
155 , 262
150 , 262
141 , 256
138 , 262
140 , 256
157 , 263
154 , 263
148 , 262
165 , 264
169 , 264
170 , 259
171 , 265
171 , 265
167 , 264
166 , 269
171 , 269
183 , 270
180 , 265
186 , 266
186 , 266
189 , 272
197 , 282
175 , 266
183 , 275
182 , 267
183 , 266
175 , 265
180 , 265
175 , 265
171 , 265
167 , 265
167 , 264
183 , 266
183 , 261
179 , 261
179 , 261
180 , 261
184 , 261
181 , 260
180 , 256
180 , 256
177 , 251
174 , 254
178 , 254
172 , 253
170 , 248
170 , 248
172 , 249
173 , 249
167 , 249
166 , 249
169 , 254
157 , 252
166 , 254
170 , 255
174 , 255
157 , 253
168 , 261
159 , 253
156 , 253
155 , 253
152 , 247
156 , 253
154 , 248
164 , 260
153 , 252
156 , 258
152 , 247
161 , 255
153 , 247
158 , 248
172 , 257
176 , 252
169 , 251
170 , 250
173 , 251
178 , 244
177 , 244
173 , 244
178 , 240
180 , 240
182 , 241
183 , 246
180 , 245
183 , 246
174 , 240
176 , 240
166 , 239
168 , 239
163 , 243
172 , 245
173 , 246
173 , 246
170 , 241
168 , 245
165 , 240
171 , 241
180 , 243
178 , 243
178 , 243
178 , 243
177 , 238
184 , 245
186 , 250
184 , 245
180 , 245
196 , 258
190 , 253
191 , 255
191 , 255
173 , 243
182 , 253
165 , 242
166 , 247
163 , 246
155 , 245
158 , 246
164 , 243
160 , 243
155 , 241
159 , 237
157 , 241
149 , 229
132 , 224
145 , 233
160 , 236
162 , 236
146 , 227
146 , 227
149 , 228
157 , 235
159 , 235
162 , 236
178 , 246
175 , 243
171 , 243
172 , 242
165 , 241
161 , 241
170 , 249
170 , 249
170 , 249
174 , 249
186 , 261
186 , 261
189 , 265
167 , 248
176 , 252
180 , 251
182 , 253
199 , 267
202 , 263
182 , 253
177 , 250
174 , 244
179 , 248
177 , 245
179 , 249
192 , 255
192 , 255
182 , 245
193 , 258
185 , 246
186 , 250
179 , 248
182 , 248
182 , 248
183 , 250
176 , 242
184 , 252
168 , 243
165 , 241
177 , 250
162 , 240
158 , 239
158 , 239
155 , 238
158 , 239
154 , 244
154 , 246
145 , 236
154 , 244
145 , 236
139 , 236
145 , 237
138 , 236
121 , 227
130 , 235
134 , 230
129 , 224
132 , 219
125 , 218
132 , 225
121 , 217
138 , 226
130 , 224
134 , 225
130 , 224
130 , 224
132 , 225
138 , 226
164 , 231
161 , 231
158 , 229
182 , 242
179 , 241
164 , 231
165 , 236
164 , 237
156 , 229
168 , 237
168 , 237
171 , 238
171 , 238
168 , 237
192 , 249
174 , 239
191 , 251
174 , 239
168 , 237
165 , 236
162 , 235
162 , 235
163 , 234
173 , 248
190 , 262
172 , 251
192 , 266
176 , 254
172 , 253
169 , 250
165 , 249
169 , 250
155 , 238
169 , 241
163 , 234
167 , 235
165 , 233
165 , 233
161 , 237
165 , 233
167 , 239
163 , 239
167 , 239
164 , 234
163 , 234
159 , 234
156 , 233
155 , 238
151 , 233
147 , 238
155 , 245
155 , 245
167 , 243
163 , 242
167 , 243
169 , 242
169 , 250
186 , 261
196 , 267
202 , 263
212 , 271
175 , 247
176 , 244
173 , 243
169 , 242
165 , 239
165 , 240
153 , 232
158 , 238
176 , 242
179 , 246
184 , 252
188 , 250
182 , 243
179 , 242
179 , 248
193 , 258
182 , 248
182 , 244
179 , 244
168 , 234
168 , 234
171 , 235
163 , 229
175 , 237
175 , 237
177 , 250
187 , 252
192 , 255
195 , 259
196 , 263
249 , 292
199 , 264
209 , 270
182 , 253
184 , 249
183 , 250
175 , 245
170 , 237
172 , 237
168 , 237
172 , 237
172 , 237
168 , 232
168 , 231
170 , 231
170 , 231
164 , 230
167 , 231
171 , 241
177 , 242
177 , 242
178 , 238
171 , 232
170 , 231
178 , 237
187 , 239
184 , 239
180 , 238
179 , 243
174 , 242
188 , 250
183 , 239
181 , 243
185 , 239
187 , 244
187 , 244
187 , 244
196 , 252
200 , 249
194 , 248
196 , 249
187 , 242
185 , 247
178 , 245
175 , 240
186 , 243
189 , 244
184 , 247
182 , 246
178 , 246
181 , 246
173 , 245
173 , 245
179 , 246
179 , 246
188 , 248
178 , 242
188 , 244
184 , 238
184 , 238
184 , 242
185 , 242
173 , 241
173 , 241
173 , 236
170 , 236
178 , 241
171 , 240
166 , 239
165 , 239
165 , 239
154 , 233
146 , 236
158 , 238
175 , 246
173 , 245
167 , 245
173 , 245
156 , 238
162 , 239
162 , 239
159 , 239
163 , 239
160 , 239
160 , 239
157 , 238
171 , 241
171 , 241
171 , 240
163 , 239
166 , 239
154 , 233
154 , 233
179 , 242
182 , 242
177 , 242
173 , 241
182 , 248
171 , 241
171 , 241
179 , 248
179 , 253
179 , 253
175 , 248
172 , 252
161 , 240
156 , 239
172 , 247
155 , 238
158 , 238
153 , 237
158 , 245
165 , 251
165 , 248
155 , 238
165 , 246
160 , 239
156 , 238
155 , 238
171 , 241
165 , 240
153 , 233
153 , 233
166 , 240
160 , 239
166 , 240
165 , 231
168 , 231
171 , 232
186 , 241
186 , 240
186 , 240
188 , 242
183 , 240
181 , 236
179 , 240
180 , 240
182 , 241
195 , 247
183 , 240
180 , 240
195 , 250
187 , 246
187 , 246
181 , 245
170 , 237
178 , 244
193 , 260
193 , 260
193 , 260
196 , 267
190 , 262
186 , 261
189 , 265
183 , 260
187 , 266
190 , 262
197 , 272
170 , 255
155 , 244
151 , 243
155 , 244
153 , 244
156 , 244
160 , 240
147 , 232
146 , 232
140 , 231
140 , 231
143 , 231
136 , 226
140 , 227
136 , 226
132 , 225
128 , 229
128 , 224
126 , 220
132 , 221
142 , 223
149 , 228
139 , 226
135 , 225
127 , 223
113 , 217
121 , 223
123 , 220
114 , 218
127 , 221
127 , 216
123 , 220
122 , 217
131 , 214
148 , 222
148 , 225
156 , 230
149 , 228
153 , 233
152 , 224
156 , 225
151 , 221
159 , 226
165 , 227
162 , 226
164 , 223
164 , 228
161 , 227
155 , 223
160 , 224
156 , 219
161 , 227
163 , 235
157 , 234
152 , 230
149 , 229
145 , 224
142 , 223
141 , 223
134 , 227
130 , 226
122 , 224
123 , 225
122 , 222
118 , 221
118 , 216
122 , 217
118 , 221
118 , 219
114 , 218
129 , 220
130 , 221
144 , 226
136 , 219
141 , 220
150 , 222
150 , 222
157 , 223
158 , 227
157 , 222
157 , 219
158 , 227
153 , 229
165 , 235
170 , 241
170 , 241
162 , 234
161 , 230
165 , 239
161 , 239
171 , 241
170 , 235
171 , 241
168 , 240
174 , 237
169 , 240
171 , 241
163 , 235
149 , 228
157 , 234
156 , 234
150 , 233
153 , 229
149 , 232
140 , 227
146 , 228
138 , 226
136 , 220
134 , 225
132 , 216
123 , 219
130 , 224
123 , 219
123 , 219
136 , 222
130 , 220
127 , 220
140 , 222
140 , 217
146 , 219
152 , 221
150 , 220
147 , 219
154 , 225
154 , 225
160 , 222
167 , 223
172 , 228
183 , 230
180 , 230
183 , 230
180 , 230
181 , 234
174 , 225
174 , 229
182 , 231
178 , 234
164 , 231
165 , 231
159 , 230
160 , 235
160 , 235
169 , 236
166 , 236
158 , 231
167 , 232
165 , 236
158 , 235
162 , 236
162 , 236
164 , 240
164 , 240
161 , 239
154 , 238
153 , 248
149 , 248
149 , 254
149 , 254
157 , 255
157 , 255
151 , 254
146 , 254
146 , 254
151 , 258
147 , 258
142 , 257
138 , 257
139 , 268
137 , 278
137 , 278
142 , 278
140 , 273
156 , 268
151 , 268
156 , 268
163 , 274
154 , 267
160 , 268
154 , 267
146 , 278
150 , 273
148 , 273
159 , 274
168 , 282
164 , 282
153 , 274
162 , 274
151 , 268
146 , 268
132 , 261
132 , 261
123 , 278
132 , 285
129 , 279
133 , 287
115 , 279
123 , 281
119 , 273
127 , 273
127 , 261
119 , 261
121 , 261
120 , 261
120 , 261
115 , 249
123 , 250
140 , 245
149 , 251
135 , 250
139 , 251
136 , 245
124 , 239
135 , 240
149 , 241
151 , 241
152 , 244
155 , 248
148 , 239
149 , 239
154 , 235
153 , 235
160 , 240
173 , 247
166 , 242
172 , 249
174 , 246
171 , 245
169 , 246
172 , 242
172 , 242
181 , 244
178 , 244
177 , 244
176 , 244
175 , 245
171 , 239
170 , 239
163 , 234
168 , 239
176 , 247
187 , 262
172 , 247
172 , 252
162 , 244
161 , 240
166 , 240
169 , 252
169 , 253
166 , 243
168 , 248
157 , 242
154 , 241
146 , 236
146 , 236
147 , 242
141 , 236
141 , 236
144 , 241
138 , 240
138 , 240
125 , 224
132 , 225
155 , 236
165 , 238
160 , 238
151 , 236
147 , 227
147 , 227
142 , 235
151 , 228
149 , 228
148 , 223
150 , 223
153 , 221
151 , 220
145 , 219
141 , 219
142 , 219
141 , 227
143 , 217
140 , 222
145 , 223
144 , 220
145 , 223
144 , 219
141 , 219
141 , 214
141 , 217
141 , 217
141 , 217
147 , 218
139 , 216
137 , 216
134 , 216
126 , 219
149 , 231
172 , 239
191 , 245
188 , 243
188 , 245
198 , 255
192 , 252
201 , 257
188 , 250
208 , 266
188 , 245
185 , 243
198 , 255
182 , 243
179 , 244
172 , 237
169 , 236
170 , 231
176 , 237
179 , 238
172 , 231
174 , 236
183 , 238
188 , 244
179 , 242
173 , 241
168 , 235
173 , 246
169 , 247
158 , 239
168 , 241
169 , 242
182 , 251
163 , 236
168 , 237
159 , 230
164 , 231
164 , 231
170 , 232
161 , 226
161 , 231
160 , 230
149 , 228
159 , 230
159 , 230
154 , 229
148 , 228
149 , 232
158 , 234
168 , 243
170 , 237
165 , 231
162 , 226
162 , 226
160 , 230
153 , 229
149 , 228
146 , 228
141 , 223
140 , 227
133 , 226
133 , 226
144 , 236
140 , 236
147 , 243
143 , 242
128 , 229
140 , 236
140 , 236
131 , 234
128 , 229
136 , 235
144 , 232
144 , 232
135 , 230
140 , 227
144 , 228
