313 , 95
312 , 106
310 , 102
314 , 100
314 , 97
314 , 95
315 , 100
315 , 97
314 , 109
317 , 104
318 , 101
318 , 98
317 , 104
316 , 118
316 , 109
316 , 106
316 , 113
317 , 110
317 , 118
317 , 109
314 , 106
317 , 104
315 , 97
315 , 100
315 , 97
314 , 106
314 , 106
313 , 111
312 , 119
313 , 113
313 , 111
312 , 119
313 , 113
313 , 111
313 , 105
313 , 111
313 , 108
310 , 115
310 , 113
310 , 115
307 , 106
308 , 101
308 , 98
308 , 96
308 , 89
312 , 85
311 , 85
311 , 93
312 , 90
308 , 87
311 , 88
311 , 86
312 , 90
312 , 88
311 , 85
312 , 80
313 , 100
313 , 95
314 , 88
314 , 88
314 , 86
314 , 80
312 , 77
315 , 75
313 , 71
313 , 71
317 , 69
316 , 69
316 , 72
316 , 72
314 , 69
314 , 80
315 , 84
315 , 81
315 , 78
313 , 71
314 , 69
317 , 67
317 , 66
317 , 64
318 , 64
318 , 61
315 , 60
317 , 61
317 , 58
316 , 54
319 , 51
315 , 51
315 , 48
315 , 57
316 , 54
315 , 54
315 , 51
316 , 51
316 , 48
315 , 60
318 , 61
314 , 71
314 , 71
317 , 69
317 , 66
316 , 63
316 , 60
319 , 61
319 , 58
319 , 66
322 , 64
322 , 58
322 , 58
322 , 56
321 , 67
321 , 67
318 , 64
319 , 61
319 , 61
318 , 70
318 , 67
317 , 78
319 , 82
320 , 79
319 , 90
320 , 79
317 , 76
320 , 74
320 , 71
321 , 64
319 , 61
319 , 61
319 , 58
322 , 58
320 , 55
320 , 55
322 , 56
322 , 53
319 , 58
319 , 58
318 , 64
319 , 58
318 , 58
318 , 69
318 , 66
320 , 67
316 , 78
315 , 92
316 , 87
316 , 87
315 , 97
314 , 106
317 , 104
314 , 108
314 , 103
315 , 100
313 , 91
313 , 89
312 , 97
313 , 91
313 , 89
313 , 86
313 , 83
312 , 94
312 , 97
312 , 98
313 , 91
313 , 86
314 , 80
313 , 91
316 , 87
316 , 96
319 , 87
320 , 79
319 , 94
319 , 88
319 , 85
318 , 96
319 , 94
319 , 91
319 , 88
319 , 85
319 , 83
321 , 76
321 , 74
320 , 85
320 , 82
320 , 79
321 , 76
318 , 96
319 , 93
318 , 96
319 , 93
320 , 90
320 , 85
318 , 96
319 , 93
319 , 90
319 , 87
319 , 85
319 , 78
319 , 76
319 , 73
319 , 78
319 , 76
319 , 73
320 , 67
319 , 78
320 , 73
320 , 73
320 , 70
321 , 64
324 , 56
324 , 53
321 , 56
320 , 67
320 , 67
320 , 64
320 , 64
320 , 62
320 , 67
319 , 70
318 , 78
317 , 90
317 , 87
318 , 87
317 , 85
318 , 82
319 , 79
319 , 76
318 , 87
318 , 93
318 , 90
317 , 101
318 , 96
319 , 93
319 , 90
319 , 85
319 , 82
319 , 93
319 , 85
319 , 85
319 , 93
318 , 87
319 , 87
319 , 82
318 , 89
319 , 89
317 , 97
316 , 108
319 , 104
319 , 105
318 , 110
317 , 104
317 , 96
318 , 93
319 , 90
320 , 78
320 , 76
320 , 70
321 , 67
322 , 64
322 , 61
322 , 61
322 , 58
321 , 67
322 , 64
322 , 61
319 , 58
322 , 55
323 , 52
321 , 58
321 , 67
319 , 66
319 , 64
317 , 75
317 , 75
316 , 80
317 , 75
317 , 76
316 , 83
316 , 78
315 , 78
315 , 87
315 , 95
313 , 89
315 , 87
315 , 92
318 , 87
318 , 85
316 , 76
319 , 76
317 , 70
318 , 82
317 , 90
317 , 87
317 , 87
314 , 95
312 , 103
312 , 105
312 , 105
312 , 103
313 , 95
313 , 92
311 , 86
312 , 83
314 , 81
315 , 78
312 , 71
312 , 71
312 , 66
312 , 66
313 , 66
314 , 60
313 , 60
313 , 60
313 , 60
315 , 67
311 , 73
310 , 93
312 , 91
311 , 88
310 , 95
311 , 93
312 , 91
312 , 86
313 , 80
314 , 77
313 , 74
314 , 74
314 , 71
313 , 80
313 , 80
312 , 77
312 , 74
313 , 69
310 , 65
311 , 62
314 , 60
314 , 60
314 , 54
314 , 59
314 , 57
314 , 60
317 , 58
318 , 55
317 , 61
316 , 72
315 , 83
315 , 80
315 , 95
315 , 97
315 , 95
314 , 100
314 , 95
314 , 92
315 , 87
316 , 81
319 , 74
316 , 78
317 , 73
316 , 84
316 , 81
316 , 87
317 , 98
317 , 96
318 , 94
317 , 104
316 , 107
316 , 118
316 , 124
316 , 118
315 , 126
316 , 124
314 , 134
313 , 128
314 , 141
316 , 132
316 , 130
316 , 135
315 , 138
317 , 144
317 , 139
318 , 136
317 , 144
317 , 127
319 , 116
319 , 122
319 , 114
319 , 111
319 , 111
319 , 122
319 , 116
319 , 111
320 , 109
319 , 105
320 , 108
319 , 105
318 , 110
318 , 121
317 , 124
318 , 121
316 , 129
316 , 118
316 , 115
315 , 109
317 , 107
317 , 96
317 , 104
317 , 115
317 , 117
315 , 114
315 , 111
315 , 115
313 , 117
316 , 109
316 , 115
317 , 102
316 , 110
313 , 117
313 , 114
314 , 112
313 , 109
310 , 113
313 , 105
313 , 106
315 , 97
312 , 97
313 , 91
312 , 91
312 , 86
314 , 97
314 , 95
314 , 100
314 , 97
312 , 94
315 , 100
315 , 95
316 , 95
315 , 89
316 , 80
316 , 81
315 , 87
316 , 78
316 , 86
315 , 95
313 , 88
315 , 89
316 , 87
315 , 95
315 , 92
312 , 82
313 , 80
313 , 77
316 , 75
313 , 80
313 , 71
317 , 72
314 , 69
314 , 66
314 , 66
314 , 63
314 , 63
316 , 75
316 , 72
313 , 80
315 , 88
316 , 83
316 , 78
317 , 75
316 , 86
315 , 88
315 , 89
316 , 87
316 , 95
316 , 95
316 , 89
314 , 89
316 , 87
314 , 83
314 , 80
317 , 78
317 , 78
316 , 92
313 , 97
315 , 95
314 , 89
313 , 86
316 , 91
315 , 88
316 , 86
316 , 98
316 , 91
314 , 85
316 , 87
317 , 84
316 , 95
315 , 102
313 , 99
313 , 97
316 , 95
316 , 97
316 , 89
317 , 84
317 , 81
315 , 89
317 , 84
316 , 84
317 , 76
314 , 86
314 , 80
314 , 80
313 , 89
313 , 83
313 , 84
314 , 75
313 , 72
314 , 69
314 , 80
314 , 78
311 , 77
314 , 75
313 , 72
311 , 69
314 , 66
314 , 63
314 , 60
315 , 57
313 , 71
317 , 69
315 , 66
314 , 77
313 , 74
314 , 69
316 , 69
317 , 67
316 , 64
316 , 61
315 , 69
313 , 65
313 , 71
314 , 69
314 , 69
313 , 71
314 , 69
314 , 69
313 , 77
314 , 74
313 , 71
315 , 80
315 , 84
315 , 75
315 , 72
319 , 73
318 , 78
319 , 70
319 , 70
318 , 78
318 , 76
318 , 76
319 , 70
319 , 67
317 , 76
318 , 82
317 , 85
318 , 82
316 , 93
320 , 88
321 , 80
317 , 90
320 , 83
321 , 77
319 , 74
319 , 71
323 , 69
320 , 68
320 , 65
323 , 62
321 , 59
320 , 67
323 , 65
323 , 62
324 , 59
322 , 56
324 , 56
321 , 67
324 , 65
319 , 76
319 , 73
319 , 70
322 , 68
322 , 65
323 , 62
323 , 62
323 , 59
324 , 53
324 , 53
324 , 50
322 , 64
322 , 62
323 , 59
320 , 58
320 , 55
320 , 61
321 , 61
319 , 73
320 , 67
319 , 73
320 , 70
320 , 67
320 , 64
321 , 61
321 , 56
322 , 53
322 , 53
322 , 50
322 , 47
323 , 43
323 , 43
319 , 52
322 , 50
323 , 43
323 , 43
323 , 40
323 , 40
323 , 37
323 , 43
321 , 55
321 , 59
320 , 59
321 , 56
322 , 53
325 , 50
325 , 44
325 , 44
326 , 41
322 , 43
324 , 59
323 , 71
324 , 62
323 , 62
322 , 74
321 , 85
317 , 84
319 , 96
318 , 104
318 , 104
318 , 102
319 , 96
320 , 88
318 , 99
318 , 113
318 , 121
317 , 118
314 , 122
311 , 130
314 , 126
313 , 123
313 , 116
316 , 115
316 , 110
317 , 104
316 , 102
315 , 112
314 , 120
315 , 115
314 , 126
316 , 121
318 , 116
316 , 121
318 , 116
318 , 121
317 , 130
315 , 123
318 , 119
319 , 117
318 , 119
317 , 124
317 , 127
317 , 124
316 , 136
318 , 136
317 , 130
318 , 119
317 , 117
319 , 109
318 , 111
319 , 108
315 , 108
316 , 113
316 , 107
318 , 105
318 , 100
317 , 111
315 , 112
315 , 107
318 , 105
315 , 112
316 , 102
313 , 104
315 , 102
315 , 100
316 , 91
313 , 101
313 , 98
313 , 96
315 , 87
315 , 85
315 , 82
316 , 76
316 , 74
317 , 70
317 , 64
318 , 61
318 , 59
319 , 58
319 , 53
316 , 49
316 , 49
320 , 49
316 , 49
316 , 58
316 , 54
316 , 51
316 , 52
316 , 49
317 , 49
317 , 40
317 , 40
314 , 39
315 , 35
318 , 33
318 , 30
317 , 45
314 , 45
318 , 37
318 , 37
319 , 30
322 , 27
322 , 27
322 , 27
322 , 23
322 , 23
322 , 20
322 , 20
320 , 19
317 , 12
321 , 12
321 , 9
320 , 12
320 , 16
320 , 16
320 , 12
320 , 12
318 , 29
319 , 23
318 , 26
317 , 39
317 , 42
317 , 35
317 , 35
317 , 35
317 , 32
317 , 32
317 , 29
319 , 18
319 , 12
319 , 15
320 , 9
320 , 9
320 , 5
323 , 9
323 , 5
321 , 26
320 , 32
320 , 33
318 , 48
319 , 45
315 , 55
316 , 50
316 , 50
315 , 50
315 , 47
316 , 44
316 , 41
316 , 41
318 , 54
318 , 51
318 , 51
318 , 48
320 , 60
316 , 59
319 , 57
320 , 54
319 , 63
318 , 71
318 , 71
318 , 76
317 , 84
318 , 78
318 , 78
317 , 86
317 , 81
318 , 76
316 , 92
317 , 86
316 , 97
316 , 95
316 , 92
316 , 86
316 , 97
319 , 96
317 , 90
317 , 85
319 , 83
318 , 79
318 , 77
318 , 74
319 , 71
318 , 82
319 , 77
318 , 82
319 , 79
321 , 78
319 , 74
322 , 68
320 , 68
319 , 74
320 , 71
320 , 74
319 , 82
318 , 90
319 , 88
319 , 79
319 , 77
318 , 88
321 , 86
322 , 78
322 , 75
322 , 75
322 , 72
322 , 69
323 , 64
322 , 75
321 , 86
320 , 97
321 , 94
321 , 91
320 , 99
320 , 105
318 , 98
318 , 96
317 , 112
317 , 118
316 , 126
314 , 126
314 , 120
314 , 117
313 , 115
314 , 112
312 , 116
312 , 124
312 , 116
312 , 114
313 , 105
313 , 103
315 , 97
315 , 95
315 , 92
317 , 96
316 , 89
314 , 80
317 , 78
316 , 76
317 , 73
317 , 70
314 , 77
317 , 78
317 , 76
314 , 75
314 , 72
314 , 69
315 , 67
315 , 64
312 , 60
314 , 72
315 , 69
315 , 67
314 , 72
315 , 69
312 , 66
312 , 60
311 , 66
314 , 67
314 , 64
315 , 69
314 , 69
314 , 67
313 , 77
313 , 88
315 , 92
312 , 99
312 , 103
313 , 100
312 , 95
312 , 103
314 , 105
311 , 112
311 , 107
312 , 104
312 , 99
311 , 107
311 , 115
311 , 113
312 , 111
310 , 118
308 , 126
309 , 121
310 , 113
310 , 121
310 , 114
309 , 112
309 , 106
309 , 103
312 , 102
309 , 95
309 , 87
309 , 84
311 , 93
308 , 103
310 , 112
310 , 107
311 , 101
312 , 93
311 , 91
311 , 99
311 , 96
309 , 103
311 , 112
308 , 108
309 , 103
309 , 100
312 , 96
312 , 93
313 , 85
312 , 93
312 , 91
313 , 88
313 , 83
313 , 88
313 , 85
312 , 96
312 , 91
313 , 88
312 , 96
312 , 93
313 , 88
313 , 85
317 , 81
315 , 95
315 , 89
315 , 84
316 , 81
315 , 92
312 , 93
314 , 108
312 , 102
311 , 110
311 , 107
314 , 105
314 , 100
315 , 97
314 , 105
314 , 103
312 , 96
313 , 85
315 , 92
315 , 95
315 , 92
315 , 89
318 , 85
317 , 81
316 , 84
317 , 81
317 , 78
317 , 76
