307 , 437
304 , 425
294 , 416
288 , 410
285 , 408
291 , 413
285 , 418
293 , 436
305 , 447
321 , 468
320 , 473
340 , 486
344 , 491
305 , 454
318 , 474
305 , 454
290 , 439
279 , 441
286 , 454
279 , 441
263 , 430
269 , 437
275 , 448
264 , 437
264 , 437
257 , 436
262 , 440
264 , 443
273 , 452
284 , 476
284 , 476
298 , 490
265 , 457
267 , 451
271 , 470
280 , 478
288 , 495
302 , 510
269 , 476
253 , 453
244 , 444
252 , 450
245 , 436
247 , 444
252 , 443
255 , 440
249 , 446
257 , 446
250 , 444
250 , 444
254 , 448
256 , 457
256 , 457
253 , 441
253 , 445
252 , 450
255 , 452
260 , 451
266 , 455
254 , 437
257 , 445
258 , 441
260 , 443
265 , 437
262 , 445
262 , 445
257 , 446
260 , 438
267 , 440
267 , 435
263 , 436
269 , 442
261 , 438
264 , 442
257 , 422
257 , 429
262 , 428
263 , 430
257 , 423
260 , 427
255 , 421
252 , 424
252 , 424
257 , 431
258 , 433
259 , 428
263 , 437
268 , 447
254 , 433
256 , 435
258 , 437
259 , 438
262 , 434
264 , 443
264 , 443
269 , 442
275 , 454
278 , 457
288 , 468
296 , 477
292 , 473
287 , 473
296 , 477
276 , 449
283 , 462
260 , 438
266 , 450
269 , 453
257 , 434
250 , 432
251 , 434
256 , 439
261 , 438
260 , 443
254 , 437
254 , 437
260 , 443
262 , 445
255 , 437
255 , 427
258 , 436
252 , 429
252 , 429
255 , 433
254 , 427
257 , 434
254 , 432
246 , 425
249 , 423
252 , 430
256 , 426
259 , 438
267 , 440
267 , 440
269 , 442
262 , 440
259 , 436
264 , 442
269 , 442
274 , 441
271 , 449
278 , 457
276 , 449
276 , 444
265 , 427
266 , 433
262 , 429
273 , 446
272 , 439
276 , 444
276 , 444
281 , 444
286 , 454
288 , 450
274 , 436
276 , 438
280 , 455
283 , 458
290 , 465
292 , 460
274 , 436
279 , 446
279 , 452
277 , 455
283 , 462
292 , 471
271 , 444
277 , 450
278 , 457
289 , 476
303 , 489
319 , 505
319 , 505
319 , 505
324 , 505
335 , 525
347 , 538
292 , 484
293 , 471
305 , 484
320 , 500
319 , 505
319 , 505
329 , 516
312 , 497
314 , 491
320 , 511
311 , 501
309 , 492
307 , 483
299 , 476
307 , 483
271 , 450
261 , 438
264 , 440
254 , 431
252 , 437
256 , 441
259 , 444
262 , 446
256 , 447
259 , 450
268 , 452
278 , 461
278 , 449
278 , 449
266 , 442
265 , 455
268 , 458
277 , 455
259 , 444
259 , 453
266 , 459
279 , 472
281 , 471
286 , 470
291 , 497
295 , 488
304 , 503
305 , 497
275 , 474
285 , 490
297 , 504
285 , 483
287 , 477
292 , 483
298 , 490
298 , 490
277 , 474
277 , 468
293 , 491
292 , 483
304 , 503
324 , 516
324 , 516
292 , 483
299 , 498
282 , 479
282 , 479
293 , 491
270 , 466
268 , 472
275 , 480
280 , 485
262 , 465
262 , 465
265 , 463
265 , 463
252 , 450
257 , 454
265 , 468
262 , 460
262 , 454
256 , 446
256 , 446
259 , 449
270 , 458
270 , 458
264 , 446
252 , 433
254 , 444
256 , 441
256 , 436
264 , 437
259 , 438
267 , 440
264 , 440
269 , 456
278 , 459
271 , 453
274 , 447
279 , 446
295 , 467
291 , 475
298 , 482
328 , 519
317 , 508
326 , 525
337 , 528
290 , 489
284 , 483
283 , 476
305 , 504
316 , 523
320 , 544
379 , 616
385 , 614
359 , 576
456 , 698
462 , 696
417 , 649
536 , 792
469 , 710
474 , 729
423 , 659
538 , 786
661 , 945
529 , 768
531 , 762
347 , 574
316 , 523
316 , 523
347 , 556
364 , 582
388 , 629
421 , 665
427 , 664
469 , 710
393 , 607
369 , 581
304 , 512
324 , 542
372 , 594
337 , 556
291 , 504
285 , 498
292 , 505
279 , 484
281 , 478
285 , 490
298 , 504
306 , 513
276 , 484
268 , 474
269 , 479
260 , 464
275 , 484
284 , 490
301 , 514
322 , 554
379 , 625
279 , 491
285 , 498
302 , 523
269 , 481
276 , 498
260 , 472
266 , 494
274 , 493
269 , 487
269 , 487
280 , 506
279 , 499
260 , 484
269 , 494
286 , 513
294 , 530
294 , 522
260 , 478
264 , 482
266 , 494
285 , 505
280 , 506
280 , 506
280 , 506
314 , 553
387 , 659
385 , 645
391 , 643
422 , 689
425 , 682
361 , 608
359 , 595
317 , 549
297 , 546
323 , 564
339 , 581
339 , 581
277 , 505
300 , 539
303 , 541
283 , 512
300 , 539
274 , 527
271 , 499
284 , 520
291 , 529
291 , 529
299 , 530
305 , 528
304 , 520
269 , 493
283 , 504
297 , 527
297 , 527
312 , 536
312 , 536
335 , 562
335 , 562
352 , 573
371 , 593
389 , 620
391 , 613
367 , 587
373 , 586
391 , 613
473 , 715
427 , 664
427 , 664
322 , 548
336 , 572
352 , 591
397 , 642
345 , 580
370 , 600
372 , 613
432 , 675
423 , 659
391 , 622
366 , 595
366 , 595
391 , 622
475 , 709
479 , 729
479 , 729
555 , 834
666 , 944
399 , 636
368 , 608
475 , 709
899 , 1220
543 , 785
886 , 1166
5483 , 6271
5483 , 6271
884 , 1172
1572 , 1927
1572 , 1927
886 , 1166
536 , 761
658 , 912
336 , 545
336 , 545
336 , 545
350 , 561
364 , 582
343 , 551
285 , 498
299 , 513
314 , 530
304 , 503
310 , 518
312 , 512
304 , 503
306 , 513
322 , 522
295 , 488
310 , 503
317 , 508
309 , 494
311 , 488
333 , 518
333 , 518
320 , 497
290 , 489
297 , 496
267 , 469
275 , 477
283 , 476
303 , 496
315 , 514
318 , 533
340 , 539
384 , 594
355 , 563
303 , 511
320 , 513
308 , 509
300 , 501
279 , 478
291 , 497
285 , 490
263 , 467
264 , 477
267 , 481
277 , 498
305 , 528
322 , 548
311 , 527
302 , 510
310 , 518
310 , 518
288 , 495
257 , 465
260 , 468
260 , 474
257 , 470
264 , 477
268 , 488
283 , 511
280 , 518
295 , 534
329 , 563
346 , 592
360 , 616
425 , 682
342 , 587
386 , 636
377 , 623
458 , 724
520 , 777
860 , 1133
5473 , 6285
893 , 1221
893 , 1221
542 , 817
659 , 951
659 , 951
893 , 1221
650 , 919
650 , 919
1595 , 2028
659 , 951
1597 , 2022
1595 , 2028
1597 , 2022
5823 , 6892
1564 , 1934
1524 , 1843
5141 , 5715
845 , 1080
1530 , 1842
1530 , 1842
1530 , 1842
865 , 1120
1530 , 1842
845 , 1080
4820 , 5195
1501 , 1744
-1091 , -932
1502 , 1738
4828 , 5182
1497 , 1738
1497 , 1738
-467 , -316
1489 , 1746
830 , 1022
525 , 732
525 , 732
633 , 844
1495 , 1745
1495 , 1745
1493 , 1751
4820 , 5195
1453 , 1661
-449 , -260
-449 , -260
-447 , -266
-447 , -266
-1056 , -849
-237 , -41
-129 , 69
-116 , 90
-430 , -223
-430 , -223
4505 , 4712
808 , 983
808 , 983
4821 , 5189
1501 , 1744
1532 , 1836
390 , 602
366 , 576
364 , 582
294 , 498
310 , 516
310 , 516
320 , 527
309 , 507
276 , 473
282 , 485
291 , 497
306 , 513
310 , 518
320 , 529
320 , 513
309 , 494
307 , 501
307 , 501
316 , 510
343 , 527
381 , 565
381 , 565
452 , 651
450 , 658
338 , 546
355 , 563
456 , 677
521 , 744
627 , 863
1493 , 1751
5141 , 5715
863 , 1126
5141 , 5715
411 , 650
415 , 666
527 , 801
413 , 674
458 , 724
308 , 557
297 , 546
337 , 600
281 , 535
281 , 527
274 , 520
243 , 501
256 , 516
268 , 520
244 , 476
244 , 484
257 , 491
257 , 491
261 , 495
266 , 501
272 , 499
274 , 486
274 , 486
277 , 498
274 , 486
279 , 484
279 , 484
279 , 484
285 , 498
289 , 503
299 , 505
284 , 490
311 , 524
309 , 515
297 , 496
307 , 498
305 , 504
291 , 497
297 , 512
304 , 512
332 , 547
355 , 563
399 , 624
315 , 540
329 , 554
369 , 594
510 , 760
504 , 729
609 , 834
504 , 729
598 , 796
437 , 640
507 , 722
504 , 729
837 , 1088
830 , 1090
513 , 753
506 , 755
447 , 707
450 , 699
401 , 635
379 , 616
530 , 794
464 , 711
462 , 732
468 , 730
649 , 947
532 , 787
384 , 603
409 , 627
637 , 882
354 , 597
376 , 610
307 , 545
280 , 507
296 , 524
318 , 548
305 , 526
331 , 553
282 , 492
278 , 492
272 , 485
250 , 448
248 , 446
250 , 448
250 , 448
245 , 453
251 , 458
258 , 465
269 , 467
260 , 458
257 , 459
265 , 466
292 , 483
283 , 483
311 , 524
323 , 537
355 , 571
334 , 541
372 , 587
348 , 546
368 , 574
346 , 553
344 , 534
380 , 580
409 , 627
352 , 558
352 , 558
404 , 611
515 , 714
509 , 715
500 , 692
331 , 530
323 , 520
323 , 520
354 , 552
354 , 552
302 , 499
313 , 518
309 , 515
288 , 491
301 , 514
298 , 521
299 , 505
309 , 515
306 , 522
297 , 512
335 , 559
332 , 547
399 , 624
501 , 736
504 , 729
609 , 834
501 , 736
441 , 687
402 , 659
289 , 530
255 , 498
341 , 367
336 , 372
332 , 381
332 , 383
330 , 379
327 , 383
326 , 388
323 , 399
319 , 398
316 , 397
310 , 388
309 , 401
305 , 396
301 , 392
304 , 406
304 , 409
305 , 412
303 , 408
299 , 411
300 , 416
276 , 267
274 , 272
268 , 289
268 , 292
267 , 302
265 , 306
259 , 318
260 , 320
257 , 322
256 , 332
252 , 340
254 , 340
257 , 352
259 , 359
259 , 372
262 , 371
266 , 384
266 , 402
275 , 410
267 , 404
275 , 436
285 , 443
284 , 453
306 , 486
272 , 447
259 , 437
263 , 433
269 , 466
288 , 496
294 , 502
289 , 510
266 , 461
259 , 447
266 , 434
268 , 464
291 , 497
279 , 478
297 , 519
298 , 504
322 , 522
366 , 614
420 , 696
467 , 716
542 , 817
657 , 958
1622 , 2123
627 , 863
629 , 856
454 , 684
448 , 685
618 , 872
482 , 690
355 , 553
319 , 521
279 , 464
315 , 502
315 , 523
284 , 480
293 , 495
302 , 503
353 , 577
306 , 522
314 , 530
320 , 544
311 , 524
323 , 537
323 , 537
279 , 499
279 , 491
279 , 499
279 , 491
273 , 486
279 , 478
279 , 478
284 , 483
265 , 449
262 , 456
265 , 453
250 , 438
252 , 427
262 , 446
261 , 441
264 , 447
271 , 453
283 , 476
282 , 468
287 , 474
287 , 474
274 , 470
286 , 488
284 , 503
306 , 522
310 , 511
305 , 504
279 , 478
279 , 478
286 , 488
289 , 493
293 , 495
304 , 512
329 , 536
396 , 601
437 , 640
365 , 581
396 , 601
396 , 584
437 , 640
598 , 796
623 , 858
1524 , 1843
5135 , 5716
-268 , -92
-515 , -391
-281 , -121
-515 , -391
-268 , -92
-154 , 34
-81 , 115
-41 , 146
-90 , 98
-56 , 124
-16 , 179
-160 , 18
-172 , 3
-292 , -139
-540 , -471
-300 , -176
-303 , -169
-1245 , -1285
6559 , 8295
-1245 , -1285
549 , 873
547 , 841
905 , 1269
6182 , 7567
897 , 1277
541 , 843
1644 , 2225
897 , 1277
908 , 1325
664 , 1025
-1251 , -1283
5814 , 6900
897 , 1277
6180 , 7574
-1245 , -1285
6559 , 8295
-310 , -206
-312 , -199
-1307 , -1462
-1279 , -1376
