251 , 455
256 , 452
254 , 444
255 , 434
259 , 438
262 , 435
264 , 437
270 , 448
273 , 452
277 , 455
281 , 459
273 , 446
285 , 464
290 , 489
273 , 458
275 , 467
275 , 467
285 , 483
285 , 483
300 , 501
307 , 508
308 , 525
318 , 535
348 , 585
331 , 558
340 , 575
386 , 636
419 , 672
469 , 743
539 , 824
545 , 848
469 , 743
336 , 572
322 , 548
289 , 518
290 , 497
290 , 490
303 , 526
303 , 526
295 , 518
295 , 510
348 , 550
369 , 581
393 , 607
390 , 593
464 , 670
464 , 670
527 , 743
1530 , 1842
364 , 575
326 , 542
330 , 531
276 , 484
282 , 489
302 , 510
296 , 511
312 , 512
361 , 589
341 , 557
423 , 647
382 , 600
456 , 677
456 , 677
521 , 744
640 , 888
462 , 696
531 , 762
390 , 593
390 , 593
338 , 546
366 , 569
320 , 513
334 , 535
302 , 495
294 , 480
301 , 473
326 , 504
316 , 494
329 , 514
318 , 503
348 , 526
339 , 516
339 , 516
374 , 557
404 , 577
404 , 577
441 , 619
501 , 667
501 , 667
806 , 989
1410 , 1573
4209 , 4276
1363 , 1486
4209 , 4276
-1052 , -844
1455 , 1655
505 , 691
505 , 691
350 , 532
445 , 633
400 , 572
400 , 572
400 , 572
346 , 527
367 , 547
314 , 490
323 , 499
321 , 505
320 , 489
307 , 486
334 , 517
334 , 517
376 , 566
354 , 545
404 , 594
452 , 651
378 , 560
337 , 528
376 , 566
371 , 552
412 , 587
381 , 565
359 , 544
381 , 565
376 , 551
410 , 592
450 , 632
520 , 713
346 , 538
386 , 579
346 , 538
326 , 504
316 , 494
326 , 504
316 , 494
327 , 520
324 , 510
337 , 522
374 , 557
441 , 619
441 , 619
441 , 619
499 , 673
441 , 619
337 , 522
355 , 531
374 , 557
355 , 531
312 , 485
295 , 467
291 , 465
286 , 460
289 , 471
289 , 471
312 , 507
322 , 517
335 , 529
377 , 577
377 , 577
339 , 540
412 , 621
333 , 541
350 , 558
364 , 572
398 , 614
438 , 653
508 , 734
615 , 832
373 , 600
353 , 570
351 , 577
351 , 577
408 , 646
451 , 691
408 , 646
524 , 782
527 , 775
415 , 655
465 , 723
415 , 655
359 , 595
412 , 662
336 , 571
286 , 510
286 , 510
277 , 511
283 , 517
289 , 517
318 , 564
356 , 603
309 , 544
338 , 583
309 , 544
291 , 525
299 , 533
277 , 511
271 , 498
291 , 525
277 , 511
283 , 517
285 , 502
292 , 509
310 , 527
310 , 527
300 , 518
274 , 498
282 , 497
276 , 484
276 , 484
282 , 483
284 , 476
284 , 476
289 , 482
289 , 482
283 , 470
266 , 472
262 , 454
260 , 470
261 , 480
258 , 471
254 , 474
263 , 488
258 , 484
262 , 481
273 , 505
273 , 505
273 , 498
264 , 500
276 , 503
273 , 505
276 , 491
298 , 521
297 , 512
315 , 540
315 , 540
350 , 584
332 , 566
382 , 600
353 , 570
315 , 540
305 , 538
317 , 551
332 , 566
286 , 511
294 , 519
332 , 547
329 , 554
369 , 594
353 , 570
353 , 570
353 , 570
343 , 560
365 , 581
368 , 574
596 , 803
501 , 704
497 , 699
598 , 796
396 , 601
396 , 601
434 , 647
302 , 519
276 , 489
307 , 534
322 , 539
329 , 554
326 , 543
343 , 560
396 , 601
394 , 608
611 , 827
507 , 722
517 , 739
323 , 537
309 , 515
320 , 527
299 , 505
287 , 496
295 , 503
292 , 509
286 , 488
284 , 495
281 , 482
299 , 493
292 , 487
320 , 477
346 , 516
332 , 503
329 , 514
347 , 533
365 , 550
422 , 619
415 , 609
457 , 650
449 , 638
447 , 644
454 , 663
514 , 733
523 , 756
466 , 702
365 , 594
423 , 647
413 , 632
414 , 615
408 , 599
408 , 616
408 , 616
303 , 511
322 , 539
332 , 541
330 , 547
328 , 537
319 , 546
336 , 553
305 , 525
330 , 549
291 , 501
308 , 518
305 , 525
303 , 515
327 , 538
327 , 538
330 , 549
347 , 565
347 , 565
336 , 547
409 , 628
406 , 605
801 , 1003
803 , 996
1359 , 1500
1405 , 1586
1403 , 1594
805 , 1008
606 , 807
828 , 1046
619 , 837
512 , 740
619 , 837
518 , 738
619 , 837
828 , 1046
373 , 591
409 , 628
354 , 583
449 , 677
631 , 868
408 , 646
519 , 751
382 , 591
454 , 663
454 , 663
525 , 749
456 , 657
443 , 639
406 , 605
400 , 607
412 , 621
412 , 621
419 , 631
359 , 569
308 , 509
298 , 485
298 , 485
298 , 485
271 , 454
274 , 457
282 , 470
287 , 462
298 , 485
298 , 485
281 , 476
286 , 481
286 , 481
292 , 480
284 , 474
284 , 487
288 , 493
283 , 488
283 , 502
284 , 487
279 , 482
255 , 463
260 , 453
260 , 459
266 , 465
270 , 468
252 , 461
260 , 459
257 , 460
270 , 468
258 , 466
261 , 474
285 , 495
287 , 488
291 , 501
285 , 495
280 , 489
302 , 510
300 , 501
303 , 511
312 , 520
313 , 504
313 , 504
326 , 509
354 , 545
346 , 538
380 , 580
380 , 580
410 , 592
359 , 544
301 , 487
275 , 461
281 , 482
286 , 481
278 , 459
280 , 469
271 , 473
275 , 477
280 , 469
276 , 465
272 , 460
275 , 458
278 , 468
267 , 467
265 , 460
276 , 475
274 , 468
268 , 478
263 , 467
267 , 471
273 , 474
288 , 493
302 , 483
285 , 477
297 , 485
291 , 486
309 , 503
309 , 503
394 , 591
366 , 565
371 , 579
296 , 516
322 , 539
333 , 541
308 , 518
308 , 518
319 , 528
324 , 532
336 , 553
319 , 528
352 , 551
335 , 535
295 , 488
313 , 504
313 , 504
324 , 515
340 , 539
380 , 580
378 , 586
352 , 551
321 , 522
335 , 535
322 , 491
320 , 481
324 , 498
309 , 484
321 , 488
319 , 494
319 , 494
307 , 490
323 , 499
304 , 496
300 , 490
320 , 510
304 , 496
315 , 506
302 , 487
331 , 530
350 , 540
372 , 561
407 , 604
409 , 598
441 , 627
502 , 686
616 , 814
1449 , 1656
520 , 777
854 , 1135
638 , 894
451 , 691
377 , 614
451 , 691
851 , 1142
524 , 782
380 , 607
353 , 570
333 , 560
336 , 553
319 , 528
333 , 541
320 , 540
299 , 510
