379.19 , 218.21 , 376.94 , 216.46
380.21 , 218.20 , 377.96 , 216.60
379.19 , 218.21 , 376.94 , 216.46
379.19 , 218.21 , 376.94 , 216.46
379.16 , 214.80 , 377.57 , 213.23
379.16 , 214.80 , 377.57 , 213.23
380.21 , 218.20 , 377.96 , 216.60
380.20 , 214.79 , 378.62 , 213.37
380.20 , 214.79 , 378.62 , 213.37
379.16 , 214.80 , 377.57 , 213.23
379.16 , 214.80 , 377.57 , 213.23
379.12 , 211.41 , 378.13 , 209.99
379.12 , 211.41 , 378.13 , 209.99
379.12 , 211.41 , 378.13 , 209.99
379.12 , 211.41 , 378.13 , 209.99
379.10 , 208.04 , 378.64 , 206.74
380.24 , 205.53 , 379.49 , 204.47
379.12 , 205.54 , 378.35 , 204.32
379.13 , 203.05 , 378.11 , 201.88
379.12 , 205.54 , 378.35 , 204.32
379.12 , 205.54 , 378.35 , 204.32
377.26 , 208.87 , 376.04 , 207.90
379.12 , 205.54 , 378.35 , 204.32
379.14 , 208.91 , 377.85 , 207.55
377.27 , 205.53 , 376.56 , 204.67
379.12 , 205.54 , 378.35 , 204.32
379.09 , 202.18 , 378.80 , 201.07
379.12 , 205.54 , 378.35 , 204.32
379.12 , 205.54 , 378.35 , 204.32
379.12 , 205.54 , 378.35 , 204.32
379.09 , 202.18 , 378.80 , 201.07
379.09 , 202.18 , 378.80 , 201.07
379.09 , 202.18 , 378.80 , 201.07
379.13 , 203.05 , 378.11 , 201.88
379.13 , 203.05 , 378.11 , 201.88
379.13 , 203.05 , 378.11 , 201.88
379.12 , 205.54 , 378.35 , 204.32
379.12 , 205.54 , 378.35 , 204.32
379.12 , 205.54 , 378.35 , 204.32
379.12 , 205.54 , 378.35 , 204.32
379.12 , 205.54 , 378.35 , 204.32
380.24 , 208.91 , 378.95 , 207.70
379.14 , 208.91 , 377.85 , 207.55
379.14 , 208.91 , 377.85 , 207.55
379.18 , 212.30 , 377.29 , 210.77
380.24 , 212.30 , 378.36 , 210.92
379.18 , 212.30 , 377.29 , 210.77
379.18 , 212.30 , 377.29 , 210.77
379.18 , 212.30 , 377.29 , 210.77
379.18 , 212.30 , 377.29 , 210.77
379.18 , 212.30 , 377.29 , 210.77
379.18 , 212.30 , 377.29 , 210.77
377.26 , 212.24 , 375.46 , 211.12
379.18 , 212.30 , 377.29 , 210.77
379.16 , 214.80 , 377.57 , 213.23
377.26 , 212.24 , 375.46 , 211.12
379.18 , 212.30 , 377.29 , 210.77
377.26 , 212.24 , 375.46 , 211.12
378.26 , 214.75 , 376.75 , 213.75
379.16 , 214.80 , 377.57 , 213.23
379.18 , 212.30 , 377.29 , 210.77
379.12 , 211.41 , 378.13 , 209.99
380.20 , 211.40 , 379.21 , 210.13
380.15 , 213.90 , 379.52 , 212.56
380.15 , 210.52 , 380.06 , 209.28
380.15 , 213.90 , 379.52 , 212.56
380.15 , 217.29 , 378.91 , 215.82
379.10 , 213.92 , 378.46 , 212.44
379.10 , 213.92 , 378.46 , 212.44
379.13 , 217.31 , 377.89 , 215.70
379.16 , 214.80 , 377.57 , 213.23
379.16 , 214.80 , 377.57 , 213.23
379.17 , 220.72 , 377.26 , 218.95
379.13 , 217.31 , 377.89 , 215.70
379.13 , 217.31 , 377.89 , 215.70
380.15 , 213.90 , 379.52 , 212.56
379.10 , 213.92 , 378.46 , 212.44
379.10 , 213.92 , 378.46 , 212.44
380.15 , 210.52 , 380.06 , 209.28
380.15 , 210.52 , 380.06 , 209.28
380.11 , 213.04 , 380.41 , 211.68
380.11 , 213.04 , 380.41 , 211.68
380.15 , 210.52 , 380.06 , 209.28
380.15 , 210.52 , 380.06 , 209.28
380.20 , 208.02 , 379.75 , 206.88
380.20 , 208.02 , 379.75 , 206.88
380.21 , 204.66 , 380.23 , 203.61
380.21 , 204.66 , 380.23 , 203.61
380.21 , 204.66 , 380.23 , 203.61
379.09 , 202.18 , 378.80 , 201.07
380.25 , 202.17 , 379.96 , 201.22
380.24 , 205.53 , 379.49 , 204.47
380.25 , 202.17 , 379.96 , 201.22
380.25 , 202.17 , 379.96 , 201.22
380.24 , 205.53 , 379.49 , 204.47
380.25 , 202.17 , 379.96 , 201.22
380.24 , 205.53 , 379.49 , 204.47
380.24 , 205.53 , 379.49 , 204.47
380.24 , 205.53 , 379.49 , 204.47
380.24 , 205.53 , 379.49 , 204.47
380.24 , 205.53 , 379.49 , 204.47
380.24 , 205.53 , 379.49 , 204.47
380.24 , 205.53 , 379.49 , 204.47
380.24 , 205.53 , 379.49 , 204.47
380.24 , 205.53 , 379.49 , 204.47
380.28 , 203.05 , 379.27 , 202.05
380.25 , 202.17 , 379.96 , 201.22
379.09 , 202.18 , 378.80 , 201.07
380.21 , 204.66 , 380.23 , 203.61
380.25 , 202.17 , 379.96 , 201.22
380.21 , 204.66 , 380.23 , 203.61
379.09 , 202.18 , 378.80 , 201.07
379.07 , 198.84 , 379.18 , 197.82
379.05 , 201.34 , 379.48 , 200.22
379.09 , 202.18 , 378.80 , 201.07
379.07 , 198.84 , 379.18 , 197.82
379.05 , 201.34 , 379.48 , 200.22
379.05 , 201.34 , 379.48 , 200.22
380.22 , 201.31 , 380.65 , 200.34
379.05 , 201.34 , 379.48 , 200.22
380.25 , 202.17 , 379.96 , 201.22
379.09 , 202.18 , 378.80 , 201.07
379.07 , 198.84 , 379.18 , 197.82
379.07 , 198.84 , 379.18 , 197.82
379.09 , 202.18 , 378.80 , 201.07
379.09 , 202.18 , 378.80 , 201.07
379.11 , 199.70 , 378.55 , 198.66
379.11 , 199.70 , 378.55 , 198.66
380.28 , 203.05 , 379.27 , 202.05
379.13 , 203.05 , 378.11 , 201.88
380.28 , 203.05 , 379.27 , 202.05
380.24 , 205.53 , 379.49 , 204.47
380.24 , 205.53 , 379.49 , 204.47
380.24 , 205.53 , 379.49 , 204.47
380.24 , 205.53 , 379.49 , 204.47
379.12 , 205.54 , 378.35 , 204.32
379.12 , 205.54 , 378.35 , 204.32
379.13 , 203.05 , 378.11 , 201.88
379.11 , 199.70 , 378.55 , 198.66
379.11 , 199.70 , 378.55 , 198.66
379.09 , 202.18 , 378.80 , 201.07
379.09 , 202.18 , 378.80 , 201.07
377.28 , 202.19 , 377.02 , 201.43
379.11 , 199.70 , 378.55 , 198.66
377.32 , 199.69 , 376.80 , 199.00
377.33 , 196.37 , 377.19 , 195.76
377.33 , 196.37 , 377.19 , 195.76
379.09 , 196.35 , 378.92 , 195.42
379.07 , 198.84 , 379.18 , 197.82
379.07 , 198.84 , 379.18 , 197.82
379.07 , 198.84 , 379.18 , 197.82
379.09 , 196.35 , 378.92 , 195.42
378.54 , 196.35 , 378.39 , 195.93
378.54 , 196.35 , 378.39 , 195.93
378.54 , 196.35 , 378.39 , 195.93
378.54 , 196.35 , 378.39 , 195.93
378.54 , 196.35 , 378.39 , 195.93
378.48 , 198.85 , 378.61 , 198.33
378.48 , 198.85 , 378.61 , 198.33
377.29 , 198.87 , 377.43 , 198.18
377.29 , 198.87 , 377.43 , 198.18
377.31 , 195.56 , 377.77 , 194.93
380.23 , 197.97 , 381.01 , 197.07
380.27 , 195.48 , 380.73 , 194.71
380.23 , 197.97 , 381.01 , 197.07
380.25 , 194.64 , 381.31 , 193.79
380.20 , 197.14 , 381.65 , 196.12
379.04 , 198.01 , 379.82 , 196.95
380.19 , 200.47 , 381.34 , 199.42
380.19 , 200.47 , 381.34 , 199.42
380.17 , 203.81 , 380.98 , 202.71
380.22 , 201.31 , 380.65 , 200.34
380.19 , 200.47 , 381.34 , 199.42
380.23 , 197.97 , 381.01 , 197.07
380.23 , 197.97 , 381.01 , 197.07
380.19 , 200.47 , 381.34 , 199.42
378.40 , 200.56 , 379.56 , 199.82
380.23 , 197.97 , 381.01 , 197.07
379.04 , 198.01 , 379.82 , 196.95
379.04 , 198.01 , 379.82 , 196.95
379.04 , 198.01 , 379.82 , 196.95
379.04 , 198.01 , 379.82 , 196.95
379.04 , 198.01 , 379.82 , 196.95
379.04 , 198.01 , 379.82 , 196.95
379.04 , 198.01 , 379.82 , 196.95
379.04 , 198.01 , 379.82 , 196.95
379.06 , 195.51 , 379.51 , 194.57
377.31 , 195.56 , 377.77 , 194.93
377.27 , 198.07 , 378.06 , 197.33
377.31 , 195.56 , 377.77 , 194.93
377.31 , 195.56 , 377.77 , 194.93
377.31 , 195.56 , 377.77 , 194.93
377.29 , 198.87 , 377.43 , 198.18
379.07 , 198.84 , 379.18 , 197.82
377.31 , 195.56 , 377.77 , 194.93
379.06 , 195.51 , 379.51 , 194.57
378.48 , 198.85 , 378.61 , 198.33
380.27 , 195.48 , 380.73 , 194.71
377.31 , 195.56 , 377.77 , 194.93
379.06 , 195.51 , 379.51 , 194.57
377.29 , 198.87 , 377.43 , 198.18
380.26 , 198.82 , 380.37 , 197.97
380.26 , 198.82 , 380.37 , 197.97
380.26 , 198.82 , 380.37 , 197.97
380.22 , 201.31 , 380.65 , 200.34
380.21 , 204.66 , 380.23 , 203.61
380.26 , 198.82 , 380.37 , 197.97
379.05 , 201.34 , 379.48 , 200.22
379.05 , 201.34 , 379.48 , 200.22
380.26 , 198.82 , 380.37 , 197.97
379.05 , 201.34 , 379.48 , 200.22
380.26 , 198.82 , 380.37 , 197.97
379.07 , 198.84 , 379.18 , 197.82
379.05 , 201.34 , 379.48 , 200.22
379.05 , 201.34 , 379.48 , 200.22
379.07 , 198.84 , 379.18 , 197.82
379.07 , 204.68 , 379.09 , 203.48
379.07 , 204.68 , 379.09 , 203.48
379.07 , 204.68 , 379.09 , 203.48
379.09 , 202.18 , 378.80 , 201.07
379.07 , 198.84 , 379.18 , 197.82
379.05 , 201.34 , 379.48 , 200.22
379.05 , 201.34 , 379.48 , 200.22
379.05 , 201.34 , 379.48 , 200.22
379.05 , 201.34 , 379.48 , 200.22
379.07 , 204.68 , 379.09 , 203.48
380.21 , 204.66 , 380.23 , 203.61
379.05 , 201.34 , 379.48 , 200.22
380.22 , 201.31 , 380.65 , 200.34
380.22 , 201.31 , 380.65 , 200.34
380.22 , 201.31 , 380.65 , 200.34
380.26 , 198.82 , 380.37 , 197.97
380.26 , 198.82 , 380.37 , 197.97
382.02 , 201.26 , 382.43 , 199.93
380.86 , 201.29 , 381.25 , 199.81
380.86 , 201.29 , 381.25 , 199.81
382.02 , 201.26 , 382.43 , 199.93
382.02 , 201.26 , 382.43 , 199.93
382.02 , 201.26 , 382.43 , 199.93
382.05 , 198.79 , 382.13 , 197.57
380.26 , 198.82 , 380.37 , 197.97
382.05 , 198.79 , 382.13 , 197.57
380.30 , 196.34 , 380.14 , 195.59
380.26 , 198.82 , 380.37 , 197.97
382.07 , 196.33 , 381.88 , 195.21
382.05 , 198.79 , 382.13 , 197.57
382.05 , 198.79 , 382.13 , 197.57
382.07 , 196.33 , 381.88 , 195.21
382.07 , 202.16 , 381.74 , 200.83
382.07 , 196.33 , 381.88 , 195.21
382.07 , 202.16 , 381.74 , 200.83
382.09 , 199.70 , 381.49 , 198.45
382.09 , 199.70 , 381.49 , 198.45
382.09 , 199.70 , 381.49 , 198.45
380.92 , 199.71 , 380.29 , 198.29
382.09 , 199.70 , 381.49 , 198.45
380.86 , 193.88 , 380.42 , 192.67
380.86 , 193.88 , 380.42 , 192.67
380.86 , 196.34 , 380.65 , 195.06
380.86 , 198.81 , 380.93 , 197.44
380.92 , 199.71 , 380.29 , 198.29
380.86 , 198.81 , 380.93 , 197.44
379.07 , 198.84 , 379.18 , 197.82
379.09 , 202.18 , 378.80 , 201.07
379.11 , 199.70 , 378.55 , 198.66
380.25 , 202.17 , 379.96 , 201.22
380.25 , 202.17 , 379.96 , 201.22
380.26 , 198.82 , 380.37 , 197.97
380.26 , 198.82 , 380.37 , 197.97
380.26 , 198.82 , 380.37 , 197.97
380.25 , 202.17 , 379.96 , 201.22
380.25 , 202.17 , 379.96 , 201.22
380.25 , 202.17 , 379.96 , 201.22
380.25 , 202.17 , 379.96 , 201.22
380.25 , 202.17 , 379.96 , 201.22
380.25 , 202.17 , 379.96 , 201.22
380.24 , 205.53 , 379.49 , 204.47
380.24 , 205.53 , 379.49 , 204.47
380.24 , 205.53 , 379.49 , 204.47
380.24 , 205.53 , 379.49 , 204.47
380.24 , 205.53 , 379.49 , 204.47
379.12 , 205.54 , 378.35 , 204.32
379.12 , 205.54 , 378.35 , 204.32
379.12 , 205.54 , 378.35 , 204.32
379.13 , 203.05 , 378.11 , 201.88
379.13 , 203.05 , 378.11 , 201.88
379.13 , 203.05 , 378.11 , 201.88
379.11 , 199.70 , 378.55 , 198.66
379.13 , 197.22 , 378.34 , 196.24
379.15 , 200.58 , 377.91 , 199.45
379.13 , 203.05 , 378.11 , 201.88
379.13 , 203.05 , 378.11 , 201.88
379.15 , 200.58 , 377.91 , 199.45
380.32 , 200.58 , 379.09 , 199.64
379.15 , 200.58 , 377.91 , 199.45
379.13 , 197.22 , 378.34 , 196.24
379.13 , 197.22 , 378.34 , 196.24
380.33 , 197.22 , 379.55 , 196.42
379.13 , 197.22 , 378.34 , 196.24
380.32 , 200.58 , 379.09 , 199.64
379.13 , 197.22 , 378.34 , 196.24
380.33 , 197.22 , 379.55 , 196.42
380.29 , 199.69 , 379.73 , 198.82
380.33 , 197.22 , 379.55 , 196.42
380.33 , 197.22 , 379.55 , 196.42
379.13 , 197.22 , 378.34 , 196.24
380.33 , 197.22 , 379.55 , 196.42
379.13 , 197.22 , 378.34 , 196.24
379.13 , 197.22 , 378.34 , 196.24
379.13 , 197.22 , 378.34 , 196.24
379.11 , 199.70 , 378.55 , 198.66
379.09 , 202.18 , 378.80 , 201.07
379.09 , 202.18 , 378.80 , 201.07
380.92 , 202.17 , 380.56 , 200.69
379.12 , 205.54 , 378.35 , 204.32
379.09 , 202.18 , 378.80 , 201.07
379.12 , 205.54 , 378.35 , 204.32
379.10 , 208.04 , 378.64 , 206.74
379.10 , 208.04 , 378.64 , 206.74
379.12 , 205.54 , 378.35 , 204.32
379.10 , 208.04 , 378.64 , 206.74
377.23 , 208.04 , 376.83 , 207.12
379.10 , 208.04 , 378.64 , 206.74
379.10 , 208.04 , 378.64 , 206.74
379.14 , 208.91 , 377.85 , 207.55
379.14 , 208.91 , 377.85 , 207.55
379.14 , 208.91 , 377.85 , 207.55
377.26 , 208.87 , 376.04 , 207.90
378.36 , 208.87 , 377.13 , 208.06
377.22 , 211.39 , 376.30 , 210.37
379.12 , 211.41 , 378.13 , 209.99
379.12 , 211.41 , 378.13 , 209.99
379.12 , 211.41 , 378.13 , 209.99
379.14 , 208.91 , 377.85 , 207.55
380.24 , 208.91 , 378.95 , 207.70
380.24 , 208.91 , 378.95 , 207.70
380.24 , 208.91 , 378.95 , 207.70
380.20 , 211.40 , 379.21 , 210.13
380.20 , 211.40 , 379.21 , 210.13
380.24 , 208.91 , 378.95 , 207.70
379.14 , 208.91 , 377.85 , 207.55
379.14 , 208.91 , 377.85 , 207.55
379.14 , 208.91 , 377.85 , 207.55
379.14 , 208.91 , 377.85 , 207.55
379.14 , 208.91 , 377.85 , 207.55
379.14 , 208.91 , 377.85 , 207.55
381.04 , 208.94 , 379.65 , 207.16
380.24 , 208.91 , 378.95 , 207.70
379.14 , 208.91 , 377.85 , 207.55
379.12 , 211.41 , 378.13 , 209.99
379.14 , 208.91 , 377.85 , 207.55
380.20 , 211.40 , 379.21 , 210.13
379.12 , 211.41 , 378.13 , 209.99
380.20 , 208.02 , 379.75 , 206.88
380.20 , 211.40 , 379.21 , 210.13
379.12 , 211.41 , 378.13 , 209.99
379.14 , 208.91 , 377.85 , 207.55
379.12 , 211.41 , 378.13 , 209.99
380.20 , 211.40 , 379.21 , 210.13
379.12 , 211.41 , 378.13 , 209.99
379.14 , 208.91 , 377.85 , 207.55
379.14 , 208.91 , 377.85 , 207.55
379.14 , 208.91 , 377.85 , 207.55
379.14 , 208.91 , 377.85 , 207.55
380.28 , 206.43 , 378.74 , 205.27
378.36 , 208.87 , 377.13 , 208.06
378.42 , 206.38 , 376.94 , 205.61
378.36 , 208.87 , 377.13 , 208.06
378.36 , 208.87 , 377.13 , 208.06
378.36 , 208.87 , 377.13 , 208.06
378.36 , 208.87 , 377.13 , 208.06
378.36 , 208.87 , 377.13 , 208.06
378.36 , 208.87 , 377.13 , 208.06
378.40 , 205.52 , 377.68 , 204.83
380.24 , 205.53 , 379.49 , 204.47
380.24 , 205.53 , 379.49 , 204.47
380.24 , 205.53 , 379.49 , 204.47
378.40 , 205.52 , 377.68 , 204.83
380.24 , 205.53 , 379.49 , 204.47
379.12 , 205.54 , 378.35 , 204.32
380.24 , 205.53 , 379.49 , 204.47
379.12 , 205.54 , 378.35 , 204.32
380.28 , 203.05 , 379.27 , 202.05
380.24 , 205.53 , 379.49 , 204.47
380.24 , 205.53 , 379.49 , 204.47
380.24 , 205.53 , 379.49 , 204.47
380.24 , 205.53 , 379.49 , 204.47
380.24 , 208.91 , 378.95 , 207.70
380.24 , 208.91 , 378.95 , 207.70
380.24 , 208.91 , 378.95 , 207.70
380.20 , 211.40 , 379.21 , 210.13
380.27 , 195.48 , 380.73 , 194.71
380.23 , 197.97 , 381.01 , 197.07
380.23 , 197.97 , 381.01 , 197.07
380.27 , 195.48 , 380.73 , 194.71
380.27 , 195.48 , 380.73 , 194.71
380.27 , 195.48 , 380.73 , 194.71
380.30 , 196.34 , 380.14 , 195.59
380.30 , 196.34 , 380.14 , 195.59
380.30 , 196.34 , 380.14 , 195.59
380.30 , 196.34 , 380.14 , 195.59
380.30 , 196.34 , 380.14 , 195.59
380.30 , 196.34 , 380.14 , 195.59
380.29 , 199.69 , 379.73 , 198.82
379.09 , 202.18 , 378.80 , 201.07
380.25 , 202.17 , 379.96 , 201.22
380.24 , 205.53 , 379.49 , 204.47
380.24 , 205.53 , 379.49 , 204.47
380.24 , 205.53 , 379.49 , 204.47
380.24 , 205.53 , 379.49 , 204.47
380.24 , 205.53 , 379.49 , 204.47
380.24 , 205.53 , 379.49 , 204.47
380.24 , 205.53 , 379.49 , 204.47
380.24 , 205.53 , 379.49 , 204.47
380.28 , 203.05 , 379.27 , 202.05
380.24 , 205.53 , 379.49 , 204.47
380.28 , 203.05 , 379.27 , 202.05
382.12 , 203.08 , 381.04 , 201.68
380.25 , 202.17 , 379.96 , 201.22
379.09 , 202.18 , 378.80 , 201.07
379.09 , 202.18 , 378.80 , 201.07
379.12 , 205.54 , 378.35 , 204.32
379.12 , 205.54 , 378.35 , 204.32
379.12 , 205.54 , 378.35 , 204.32
379.13 , 203.05 , 378.11 , 201.88
379.13 , 203.05 , 378.11 , 201.88
377.30 , 206.37 , 375.82 , 205.43
377.30 , 206.37 , 375.82 , 205.43
379.16 , 206.42 , 377.61 , 205.10
379.14 , 208.91 , 377.85 , 207.55
379.14 , 208.91 , 377.85 , 207.55
377.26 , 208.87 , 376.04 , 207.90
377.26 , 208.87 , 376.04 , 207.90
377.26 , 208.87 , 376.04 , 207.90
377.26 , 208.87 , 376.04 , 207.90
377.26 , 208.87 , 376.04 , 207.90
377.26 , 208.87 , 376.04 , 207.90
377.26 , 208.87 , 376.04 , 207.90
377.26 , 208.87 , 376.04 , 207.90
377.26 , 208.87 , 376.04 , 207.90
377.26 , 208.87 , 376.04 , 207.90
377.26 , 208.87 , 376.04 , 207.90
377.26 , 212.24 , 375.46 , 211.12
377.26 , 208.87 , 376.04 , 207.90
377.26 , 212.24 , 375.46 , 211.12
377.29 , 209.74 , 375.25 , 208.63
377.26 , 212.24 , 375.46 , 211.12
377.30 , 206.37 , 375.82 , 205.43
377.26 , 208.87 , 376.04 , 207.90
377.26 , 208.87 , 376.04 , 207.90
377.26 , 208.87 , 376.04 , 207.90
377.26 , 208.87 , 376.04 , 207.90
378.40 , 205.52 , 377.68 , 204.83
378.45 , 203.02 , 377.48 , 202.39
378.40 , 205.52 , 377.68 , 204.83
378.40 , 205.52 , 377.68 , 204.83
380.25 , 202.17 , 379.96 , 201.22
380.25 , 202.17 , 379.96 , 201.22
380.25 , 202.17 , 379.96 , 201.22
379.09 , 202.18 , 378.80 , 201.07
382.07 , 202.16 , 381.74 , 200.83
380.25 , 202.17 , 379.96 , 201.22
379.07 , 204.68 , 379.09 , 203.48
382.08 , 208.01 , 381.57 , 206.46
380.97 , 208.03 , 380.44 , 206.34
380.97 , 208.03 , 380.44 , 206.34
382.11 , 211.41 , 381.05 , 209.72
382.10 , 205.54 , 381.28 , 204.07
380.24 , 208.91 , 378.95 , 207.70
380.24 , 205.53 , 379.49 , 204.47
380.20 , 211.40 , 379.21 , 210.13
380.20 , 208.02 , 379.75 , 206.88
380.20 , 208.02 , 379.75 , 206.88
380.20 , 208.02 , 379.75 , 206.88
379.12 , 205.54 , 378.35 , 204.32
380.24 , 205.53 , 379.49 , 204.47
380.24 , 208.91 , 378.95 , 207.70
380.24 , 208.91 , 378.95 , 207.70
380.24 , 208.91 , 378.95 , 207.70
380.24 , 208.91 , 378.95 , 207.70
380.24 , 208.91 , 378.95 , 207.70
380.24 , 208.91 , 378.95 , 207.70
380.20 , 211.40 , 379.21 , 210.13
380.20 , 214.79 , 378.62 , 213.37
380.20 , 214.79 , 378.62 , 213.37
380.20 , 214.79 , 378.62 , 213.37
380.20 , 214.79 , 378.62 , 213.37
380.20 , 214.79 , 378.62 , 213.37
380.20 , 214.79 , 378.62 , 213.37
380.20 , 214.79 , 378.62 , 213.37
380.20 , 211.40 , 379.21 , 210.13
380.20 , 211.40 , 379.21 , 210.13
380.24 , 208.91 , 378.95 , 207.70
380.20 , 214.79 , 378.62 , 213.37
380.20 , 214.79 , 378.62 , 213.37
380.20 , 211.40 , 379.21 , 210.13
380.20 , 214.79 , 378.62 , 213.37
380.20 , 211.40 , 379.21 , 210.13
380.24 , 212.30 , 378.36 , 210.92
380.24 , 212.30 , 378.36 , 210.92
380.24 , 208.91 , 378.95 , 207.70
380.24 , 208.91 , 378.95 , 207.70
380.24 , 208.91 , 378.95 , 207.70
382.16 , 206.48 , 380.53 , 204.90
382.14 , 208.94 , 380.77 , 207.31
382.14 , 208.94 , 380.77 , 207.31
380.24 , 208.91 , 378.95 , 207.70
380.24 , 205.53 , 379.49 , 204.47
381.31 , 208.00 , 380.86 , 207.03
382.10 , 205.54 , 381.28 , 204.07
383.24 , 205.53 , 382.43 , 204.24
382.08 , 208.01 , 381.57 , 206.46
382.10 , 205.54 , 381.28 , 204.07
382.10 , 205.54 , 381.28 , 204.07
382.10 , 205.54 , 381.28 , 204.07
382.08 , 208.01 , 381.57 , 206.46
382.10 , 205.54 , 381.28 , 204.07
382.14 , 208.94 , 380.77 , 207.31
382.14 , 208.94 , 380.77 , 207.31
382.16 , 206.48 , 380.53 , 204.90
382.10 , 205.54 , 381.28 , 204.07
382.16 , 206.48 , 380.53 , 204.90
382.14 , 208.94 , 380.77 , 207.31
382.14 , 208.94 , 380.77 , 207.31
382.14 , 208.94 , 380.77 , 207.31
382.14 , 208.94 , 380.77 , 207.31
380.20 , 208.02 , 379.75 , 206.88
382.08 , 208.01 , 381.57 , 206.46
382.08 , 208.01 , 381.57 , 206.46
382.11 , 211.41 , 381.05 , 209.72
382.08 , 208.01 , 381.57 , 206.46
382.11 , 211.41 , 381.05 , 209.72
382.11 , 211.41 , 381.05 , 209.72
382.08 , 208.01 , 381.57 , 206.46
382.08 , 208.01 , 381.57 , 206.46
382.10 , 205.54 , 381.28 , 204.07
382.11 , 211.41 , 381.05 , 209.72
382.14 , 208.94 , 380.77 , 207.31
382.14 , 208.94 , 380.77 , 207.31
382.14 , 208.94 , 380.77 , 207.31
382.11 , 211.41 , 381.05 , 209.72
380.24 , 208.91 , 378.95 , 207.70
382.14 , 208.94 , 380.77 , 207.31
382.11 , 211.41 , 381.05 , 209.72
381.04 , 211.42 , 379.95 , 209.59
382.08 , 208.01 , 381.57 , 206.46
381.04 , 211.42 , 379.95 , 209.59
381.04 , 211.42 , 379.95 , 209.59
381.04 , 211.42 , 379.95 , 209.59
381.04 , 208.94 , 379.65 , 207.16
381.04 , 208.94 , 379.65 , 207.16
381.04 , 208.94 , 379.65 , 207.16
381.04 , 208.94 , 379.65 , 207.16
379.14 , 208.91 , 377.85 , 207.55
379.12 , 211.41 , 378.13 , 209.99
379.14 , 208.91 , 377.85 , 207.55
379.14 , 208.91 , 377.85 , 207.55
379.14 , 208.91 , 377.85 , 207.55
379.14 , 208.91 , 377.85 , 207.55
379.16 , 206.42 , 377.61 , 205.10
377.30 , 206.37 , 375.82 , 205.43
377.30 , 206.37 , 375.82 , 205.43
377.26 , 208.87 , 376.04 , 207.90
377.27 , 205.53 , 376.56 , 204.67
377.27 , 205.53 , 376.56 , 204.67
377.27 , 205.53 , 376.56 , 204.67
379.10 , 208.04 , 378.64 , 206.74
377.27 , 205.53 , 376.56 , 204.67
377.27 , 205.53 , 376.56 , 204.67
377.28 , 202.19 , 377.02 , 201.43
379.09 , 202.18 , 378.80 , 201.07
379.09 , 202.18 , 378.80 , 201.07
377.28 , 202.19 , 377.02 , 201.43
379.09 , 202.18 , 378.80 , 201.07
379.09 , 202.18 , 378.80 , 201.07
379.09 , 202.18 , 378.80 , 201.07
379.07 , 204.68 , 379.09 , 203.48
379.07 , 204.68 , 379.09 , 203.48
379.07 , 204.68 , 379.09 , 203.48
379.09 , 202.18 , 378.80 , 201.07
380.25 , 202.17 , 379.96 , 201.22
379.09 , 202.18 , 378.80 , 201.07
379.09 , 202.18 , 378.80 , 201.07
380.24 , 205.53 , 379.49 , 204.47
380.25 , 202.17 , 379.96 , 201.22
380.25 , 202.17 , 379.96 , 201.22
380.25 , 202.17 , 379.96 , 201.22
377.23 , 208.04 , 376.83 , 207.12
379.07 , 204.68 , 379.09 , 203.48
379.07 , 204.68 , 379.09 , 203.48
379.07 , 204.68 , 379.09 , 203.48
378.38 , 204.68 , 378.42 , 204.00
379.07 , 204.68 , 379.09 , 203.48
380.24 , 205.53 , 379.49 , 204.47
380.24 , 205.53 , 379.49 , 204.47
379.09 , 202.18 , 378.80 , 201.07
379.09 , 202.18 , 378.80 , 201.07
379.09 , 202.18 , 378.80 , 201.07
379.12 , 205.54 , 378.35 , 204.32
379.12 , 205.54 , 378.35 , 204.32
379.09 , 202.18 , 378.80 , 201.07
379.09 , 202.18 , 378.80 , 201.07
379.11 , 199.70 , 378.55 , 198.66
379.09 , 202.18 , 378.80 , 201.07
379.09 , 202.18 , 378.80 , 201.07
379.09 , 202.18 , 378.80 , 201.07
379.11 , 199.70 , 378.55 , 198.66
379.09 , 202.18 , 378.80 , 201.07
379.09 , 202.18 , 378.80 , 201.07
379.09 , 202.18 , 378.80 , 201.07
379.09 , 202.18 , 378.80 , 201.07
377.27 , 205.53 , 376.56 , 204.67
378.40 , 205.52 , 377.68 , 204.83
377.28 , 202.19 , 377.02 , 201.43
377.28 , 202.19 , 377.02 , 201.43
377.28 , 202.19 , 377.02 , 201.43
377.27 , 205.53 , 376.56 , 204.67
377.27 , 205.53 , 376.56 , 204.67
377.31 , 203.02 , 376.34 , 202.22
377.27 , 205.53 , 376.56 , 204.67
377.31 , 203.02 , 376.34 , 202.22
377.31 , 203.02 , 376.34 , 202.22
377.27 , 205.53 , 376.56 , 204.67
377.27 , 205.53 , 376.56 , 204.67
377.27 , 205.53 , 376.56 , 204.67
377.23 , 208.04 , 376.83 , 207.12
377.27 , 205.53 , 376.56 , 204.67
377.23 , 208.04 , 376.83 , 207.12
379.10 , 208.04 , 378.64 , 206.74
379.10 , 208.04 , 378.64 , 206.74
377.23 , 208.04 , 376.83 , 207.12
377.23 , 208.04 , 376.83 , 207.12
377.26 , 208.87 , 376.04 , 207.90
379.12 , 211.41 , 378.13 , 209.99
379.14 , 208.91 , 377.85 , 207.55
377.22 , 211.39 , 376.30 , 210.37
377.26 , 208.87 , 376.04 , 207.90
377.26 , 208.87 , 376.04 , 207.90
377.26 , 208.87 , 376.04 , 207.90
377.26 , 212.24 , 375.46 , 211.12
377.26 , 208.87 , 376.04 , 207.90
377.22 , 211.39 , 376.30 , 210.37
377.26 , 208.87 , 376.04 , 207.90
377.22 , 211.39 , 376.30 , 210.37
377.22 , 211.39 , 376.30 , 210.37
377.22 , 211.39 , 376.30 , 210.37
377.22 , 211.39 , 376.30 , 210.37
377.22 , 211.39 , 376.30 , 210.37
377.22 , 211.39 , 376.30 , 210.37
377.22 , 211.39 , 376.30 , 210.37
377.22 , 211.39 , 376.30 , 210.37
377.26 , 208.87 , 376.04 , 207.90
378.36 , 208.87 , 377.13 , 208.06
377.26 , 208.87 , 376.04 , 207.90
377.26 , 208.87 , 376.04 , 207.90
377.30 , 206.37 , 375.82 , 205.43
377.26 , 208.87 , 376.04 , 207.90
377.26 , 208.87 , 376.04 , 207.90
377.30 , 206.37 , 375.82 , 205.43
377.30 , 206.37 , 375.82 , 205.43
377.26 , 208.87 , 376.04 , 207.90
376.19 , 206.37 , 374.71 , 205.27
376.19 , 206.37 , 374.71 , 205.27
377.30 , 206.37 , 375.82 , 205.43
377.30 , 206.37 , 375.82 , 205.43
377.30 , 206.37 , 375.82 , 205.43
377.26 , 208.87 , 376.04 , 207.90
377.30 , 206.37 , 375.82 , 205.43
377.30 , 206.37 , 375.82 , 205.43
379.16 , 206.42 , 377.61 , 205.10
377.30 , 206.37 , 375.82 , 205.43
377.30 , 206.37 , 375.82 , 205.43
377.30 , 206.37 , 375.82 , 205.43
377.30 , 206.37 , 375.82 , 205.43
377.26 , 208.87 , 376.04 , 207.90
377.26 , 208.87 , 376.04 , 207.90
377.26 , 208.87 , 376.04 , 207.90
377.26 , 208.87 , 376.04 , 207.90
377.26 , 208.87 , 376.04 , 207.90
375.41 , 209.66 , 373.44 , 208.94
374.30 , 208.85 , 373.14 , 208.08
376.20 , 212.24 , 374.40 , 210.98
374.29 , 212.18 , 372.58 , 211.29
374.29 , 212.18 , 372.58 , 211.29
376.20 , 212.24 , 374.40 , 210.98
376.17 , 208.88 , 374.95 , 207.76
376.20 , 212.24 , 374.40 , 210.98
377.26 , 208.87 , 376.04 , 207.90
376.17 , 208.88 , 374.95 , 207.76
377.22 , 211.39 , 376.30 , 210.37
377.26 , 208.87 , 376.04 , 207.90
377.22 , 211.39 , 376.30 , 210.37
377.22 , 211.39 , 376.30 , 210.37
377.22 , 211.39 , 376.30 , 210.37
377.22 , 211.39 , 376.30 , 210.37
377.22 , 211.39 , 376.30 , 210.37
377.26 , 208.87 , 376.04 , 207.90
377.26 , 208.87 , 376.04 , 207.90
377.26 , 208.87 , 376.04 , 207.90
377.26 , 212.24 , 375.46 , 211.12
377.26 , 212.24 , 375.46 , 211.12
375.35 , 212.18 , 373.63 , 211.45
377.26 , 212.24 , 375.46 , 211.12
377.22 , 214.76 , 375.72 , 213.61
377.22 , 211.39 , 376.30 , 210.37
377.22 , 211.39 , 376.30 , 210.37
377.22 , 211.39 , 376.30 , 210.37
377.22 , 211.39 , 376.30 , 210.37
377.22 , 211.39 , 376.30 , 210.37
377.22 , 211.39 , 376.30 , 210.37
377.22 , 211.39 , 376.30 , 210.37
377.22 , 211.39 , 376.30 , 210.37
377.22 , 211.39 , 376.30 , 210.37
377.23 , 208.04 , 376.83 , 207.12
377.23 , 208.04 , 376.83 , 207.12
379.12 , 211.41 , 378.13 , 209.99
377.22 , 211.39 , 376.30 , 210.37
380.24 , 208.91 , 378.95 , 207.70
379.14 , 208.91 , 377.85 , 207.55
379.14 , 208.91 , 377.85 , 207.55
379.12 , 205.54 , 378.35 , 204.32
377.27 , 205.53 , 376.56 , 204.67
379.12 , 205.54 , 378.35 , 204.32
377.27 , 205.53 , 376.56 , 204.67
379.14 , 208.91 , 377.85 , 207.55
377.27 , 205.53 , 376.56 , 204.67
377.23 , 208.04 , 376.83 , 207.12
377.23 , 208.04 , 376.83 , 207.12
379.12 , 211.41 , 378.13 , 209.99
379.12 , 211.41 , 378.13 , 209.99
379.14 , 208.91 , 377.85 , 207.55
379.12 , 211.41 , 378.13 , 209.99
379.14 , 208.91 , 377.85 , 207.55
378.06 , 208.91 , 376.75 , 207.41
379.14 , 208.91 , 377.85 , 207.55
379.14 , 208.91 , 377.85 , 207.55
378.05 , 206.42 , 376.49 , 204.94
378.05 , 206.42 , 376.49 , 204.94
376.19 , 206.37 , 374.71 , 205.27
378.05 , 206.42 , 376.49 , 204.94
376.17 , 203.02 , 375.20 , 202.07
377.31 , 203.02 , 376.34 , 202.22
376.17 , 208.88 , 374.95 , 207.76
378.00 , 205.55 , 377.22 , 204.18
376.17 , 208.88 , 374.95 , 207.76
377.26 , 208.87 , 376.04 , 207.90
376.17 , 208.88 , 374.95 , 207.76
377.26 , 208.87 , 376.04 , 207.90
378.06 , 208.91 , 376.75 , 207.41
378.06 , 208.91 , 376.75 , 207.41
376.16 , 211.40 , 375.24 , 210.25
377.27 , 205.53 , 376.56 , 204.67
377.23 , 208.04 , 376.83 , 207.12
377.27 , 205.53 , 376.56 , 204.67
377.27 , 205.53 , 376.56 , 204.67
377.26 , 208.87 , 376.04 , 207.90
377.26 , 208.87 , 376.04 , 207.90
375.39 , 208.84 , 374.22 , 208.23
375.43 , 205.51 , 374.76 , 205.00
377.26 , 208.87 , 376.04 , 207.90
375.43 , 205.51 , 374.76 , 205.00
377.23 , 208.04 , 376.83 , 207.12
377.27 , 205.53 , 376.56 , 204.67
377.27 , 205.53 , 376.56 , 204.67
377.28 , 202.19 , 377.02 , 201.43
378.40 , 205.52 , 377.68 , 204.83
377.23 , 208.04 , 376.83 , 207.12
378.40 , 205.52 , 377.68 , 204.83
378.40 , 205.52 , 377.68 , 204.83
376.13 , 208.06 , 375.73 , 207.00
376.15 , 205.53 , 375.44 , 204.54
376.15 , 205.53 , 375.44 , 204.54
378.00 , 205.55 , 377.22 , 204.18
378.00 , 205.55 , 377.22 , 204.18
378.00 , 205.55 , 377.22 , 204.18
378.00 , 205.55 , 377.22 , 204.18
377.23 , 208.04 , 376.83 , 207.12
377.23 , 208.04 , 376.83 , 207.12
377.26 , 208.87 , 376.04 , 207.90
377.27 , 205.53 , 376.56 , 204.67
376.15 , 205.53 , 375.44 , 204.54
377.27 , 205.53 , 376.56 , 204.67
377.27 , 205.53 , 376.56 , 204.67
377.23 , 208.04 , 376.83 , 207.12
379.14 , 208.91 , 377.85 , 207.55
379.14 , 208.91 , 377.85 , 207.55
377.26 , 212.24 , 375.46 , 211.12
379.18 , 212.30 , 377.29 , 210.77
378.12 , 212.30 , 376.22 , 210.63
377.26 , 212.24 , 375.46 , 211.12
379.18 , 212.30 , 377.29 , 210.77
379.18 , 212.30 , 377.29 , 210.77
379.18 , 212.30 , 377.29 , 210.77
379.18 , 212.30 , 377.29 , 210.77
379.18 , 212.30 , 377.29 , 210.77
379.18 , 212.30 , 377.29 , 210.77
379.18 , 212.30 , 377.29 , 210.77
376.20 , 212.24 , 374.40 , 210.98
376.18 , 214.76 , 374.68 , 213.48
376.18 , 214.76 , 374.68 , 213.48
376.18 , 214.76 , 374.68 , 213.48
376.20 , 212.24 , 374.40 , 210.98
376.20 , 212.24 , 374.40 , 210.98
376.20 , 212.24 , 374.40 , 210.98
377.26 , 212.24 , 375.46 , 211.12
377.26 , 208.87 , 376.04 , 207.90
377.26 , 208.87 , 376.04 , 207.90
377.26 , 208.87 , 376.04 , 207.90
377.30 , 206.37 , 375.82 , 205.43
377.30 , 206.37 , 375.82 , 205.43
378.42 , 206.38 , 376.94 , 205.61
378.36 , 208.87 , 377.13 , 208.06
378.42 , 206.38 , 376.94 , 205.61
379.12 , 205.54 , 378.35 , 204.32
377.26 , 208.87 , 376.04 , 207.90
379.14 , 208.91 , 377.85 , 207.55
379.14 , 208.91 , 377.85 , 207.55
377.26 , 208.87 , 376.04 , 207.90
377.26 , 208.87 , 376.04 , 207.90
377.22 , 211.39 , 376.30 , 210.37
377.26 , 208.87 , 376.04 , 207.90
378.36 , 208.87 , 377.13 , 208.06
378.36 , 208.87 , 377.13 , 208.06
378.30 , 211.38 , 377.37 , 210.51
378.30 , 211.38 , 377.37 , 210.51
377.22 , 211.39 , 376.30 , 210.37
380.20 , 211.40 , 379.21 , 210.13
380.20 , 211.40 , 379.21 , 210.13
379.12 , 211.41 , 378.13 , 209.99
379.12 , 211.41 , 378.13 , 209.99
379.10 , 213.92 , 378.46 , 212.44
380.20 , 211.40 , 379.21 , 210.13
380.20 , 214.79 , 378.62 , 213.37
380.20 , 211.40 , 379.21 , 210.13
380.20 , 211.40 , 379.21 , 210.13
380.20 , 211.40 , 379.21 , 210.13
380.20 , 211.40 , 379.21 , 210.13
380.20 , 211.40 , 379.21 , 210.13
380.20 , 211.40 , 379.21 , 210.13
380.20 , 214.79 , 378.62 , 213.37
380.20 , 211.40 , 379.21 , 210.13
380.20 , 211.40 , 379.21 , 210.13
380.24 , 208.91 , 378.95 , 207.70
380.24 , 208.91 , 378.95 , 207.70
380.24 , 208.91 , 378.95 , 207.70
380.24 , 208.91 , 378.95 , 207.70
380.24 , 208.91 , 378.95 , 207.70
380.24 , 212.30 , 378.36 , 210.92
381.35 , 208.90 , 380.05 , 207.87
381.35 , 208.90 , 380.05 , 207.87
380.24 , 208.91 , 378.95 , 207.70
380.24 , 208.91 , 378.95 , 207.70
380.24 , 208.91 , 378.95 , 207.70
382.14 , 208.94 , 380.77 , 207.31
382.16 , 206.48 , 380.53 , 204.90
382.14 , 208.94 , 380.77 , 207.31
382.14 , 208.94 , 380.77 , 207.31
382.14 , 208.94 , 380.77 , 207.31
380.24 , 208.91 , 378.95 , 207.70
382.16 , 206.48 , 380.53 , 204.90
382.14 , 208.94 , 380.77 , 207.31
382.14 , 208.94 , 380.77 , 207.31
382.14 , 208.94 , 380.77 , 207.31
382.14 , 208.94 , 380.77 , 207.31
381.04 , 208.94 , 379.65 , 207.16
382.14 , 208.94 , 380.77 , 207.31
382.14 , 208.94 , 380.77 , 207.31
381.04 , 206.48 , 379.39 , 204.73
381.04 , 208.94 , 379.65 , 207.16
381.04 , 208.94 , 379.65 , 207.16
381.04 , 208.94 , 379.65 , 207.16
381.04 , 208.94 , 379.65 , 207.16
381.04 , 208.94 , 379.65 , 207.16
381.04 , 208.94 , 379.65 , 207.16
382.14 , 208.94 , 380.77 , 207.31
382.14 , 208.94 , 380.77 , 207.31
381.04 , 208.94 , 379.65 , 207.16
382.11 , 211.41 , 381.05 , 209.72
382.14 , 208.94 , 380.77 , 207.31
382.14 , 208.94 , 380.77 , 207.31
380.24 , 208.91 , 378.95 , 207.70
380.24 , 208.91 , 378.95 , 207.70
380.20 , 211.40 , 379.21 , 210.13
380.24 , 208.91 , 378.95 , 207.70
380.24 , 208.91 , 378.95 , 207.70
380.24 , 208.91 , 378.95 , 207.70
378.36 , 208.87 , 377.13 , 208.06
377.22 , 211.39 , 376.30 , 210.37
379.12 , 211.41 , 378.13 , 209.99
377.22 , 211.39 , 376.30 , 210.37
377.26 , 208.87 , 376.04 , 207.90
377.26 , 208.87 , 376.04 , 207.90
377.26 , 208.87 , 376.04 , 207.90
377.26 , 208.87 , 376.04 , 207.90
379.14 , 208.91 , 377.85 , 207.55
379.14 , 208.91 , 377.85 , 207.55
380.24 , 208.91 , 378.95 , 207.70
380.24 , 212.30 , 378.36 , 210.92
380.24 , 208.91 , 378.95 , 207.70
380.24 , 208.91 , 378.95 , 207.70
380.24 , 208.91 , 378.95 , 207.70
380.24 , 208.91 , 378.95 , 207.70
380.24 , 208.91 , 378.95 , 207.70
380.24 , 208.91 , 378.95 , 207.70
380.24 , 212.30 , 378.36 , 210.92
380.28 , 209.82 , 378.16 , 208.47
380.28 , 206.43 , 378.74 , 205.27
380.24 , 208.91 , 378.95 , 207.70
380.28 , 206.43 , 378.74 , 205.27
380.24 , 208.91 , 378.95 , 207.70
378.36 , 208.87 , 377.13 , 208.06
378.40 , 205.52 , 377.68 , 204.83
378.40 , 205.52 , 377.68 , 204.83
378.40 , 205.52 , 377.68 , 204.83
378.40 , 205.52 , 377.68 , 204.83
378.34 , 208.03 , 377.93 , 207.26
378.40 , 205.52 , 377.68 , 204.83
380.24 , 205.53 , 379.49 , 204.47
380.24 , 205.53 , 379.49 , 204.47
380.24 , 205.53 , 379.49 , 204.47
380.24 , 205.53 , 379.49 , 204.47
380.24 , 205.53 , 379.49 , 204.47
380.24 , 205.53 , 379.49 , 204.47
380.24 , 205.53 , 379.49 , 204.47
380.28 , 206.43 , 378.74 , 205.27
380.24 , 205.53 , 379.49 , 204.47
380.98 , 203.08 , 379.87 , 201.52
380.98 , 205.55 , 380.14 , 203.93
380.24 , 205.53 , 379.49 , 204.47
380.24 , 205.53 , 379.49 , 204.47
380.24 , 205.53 , 379.49 , 204.47
380.24 , 205.53 , 379.49 , 204.47
380.24 , 205.53 , 379.49 , 204.47
380.20 , 208.02 , 379.75 , 206.88
380.24 , 205.53 , 379.49 , 204.47
380.24 , 205.53 , 379.49 , 204.47
380.24 , 205.53 , 379.49 , 204.47
380.24 , 205.53 , 379.49 , 204.47
380.24 , 205.53 , 379.49 , 204.47
380.28 , 203.05 , 379.27 , 202.05
380.28 , 206.43 , 378.74 , 205.27
380.28 , 206.43 , 378.74 , 205.27
380.28 , 206.43 , 378.74 , 205.27
380.28 , 206.43 , 378.74 , 205.27
380.28 , 206.43 , 378.74 , 205.27
380.24 , 208.91 , 378.95 , 207.70
380.28 , 209.82 , 378.16 , 208.47
380.28 , 206.43 , 378.74 , 205.27
380.24 , 208.91 , 378.95 , 207.70
380.24 , 208.91 , 378.95 , 207.70
380.24 , 212.30 , 378.36 , 210.92
380.24 , 212.30 , 378.36 , 210.92
380.24 , 212.30 , 378.36 , 210.92
380.24 , 212.30 , 378.36 , 210.92
382.14 , 208.94 , 380.77 , 207.31
383.24 , 208.94 , 381.88 , 207.48
383.24 , 208.94 , 381.88 , 207.48
380.24 , 208.91 , 378.95 , 207.70
380.24 , 208.91 , 378.95 , 207.70
381.28 , 211.38 , 380.29 , 210.28
380.24 , 208.91 , 378.95 , 207.70
380.24 , 208.91 , 378.95 , 207.70
380.20 , 208.02 , 379.75 , 206.88
380.24 , 205.53 , 379.49 , 204.47
383.67 , 205.50 , 382.87 , 205.03
383.58 , 208.89 , 382.25 , 208.27
383.58 , 208.89 , 382.25 , 208.27
382.37 , 211.37 , 381.37 , 210.46
382.46 , 208.90 , 381.15 , 208.06
382.37 , 211.37 , 381.37 , 210.46
382.52 , 205.51 , 381.75 , 204.82
384.31 , 207.98 , 383.81 , 206.77
384.38 , 205.52 , 383.57 , 204.42
384.38 , 205.52 , 383.57 , 204.42
383.24 , 205.53 , 382.43 , 204.24
383.24 , 205.53 , 382.43 , 204.24
383.24 , 208.94 , 381.88 , 207.48
383.24 , 208.94 , 381.88 , 207.48
383.24 , 208.94 , 381.88 , 207.48
382.14 , 208.94 , 380.77 , 207.31
382.10 , 205.54 , 381.28 , 204.07
382.14 , 208.94 , 380.77 , 207.31
382.10 , 205.54 , 381.28 , 204.07
382.10 , 205.54 , 381.28 , 204.07
382.10 , 205.54 , 381.28 , 204.07
382.07 , 202.16 , 381.74 , 200.83
380.21 , 204.66 , 380.23 , 203.61
379.07 , 204.68 , 379.09 , 203.48
379.07 , 204.68 , 379.09 , 203.48
379.07 , 204.68 , 379.09 , 203.48
379.12 , 205.54 , 378.35 , 204.32
379.07 , 204.68 , 379.09 , 203.48
379.07 , 204.68 , 379.09 , 203.48
379.07 , 204.68 , 379.09 , 203.48
379.07 , 204.68 , 379.09 , 203.48
379.09 , 202.18 , 378.80 , 201.07
379.07 , 204.68 , 379.09 , 203.48
379.07 , 204.68 , 379.09 , 203.48
379.10 , 208.04 , 378.64 , 206.74
379.12 , 205.54 , 378.35 , 204.32
379.12 , 205.54 , 378.35 , 204.32
379.07 , 204.68 , 379.09 , 203.48
379.07 , 204.68 , 379.09 , 203.48
379.07 , 204.68 , 379.09 , 203.48
