234.65 , 158.84 , 234.33 , 158.87
234.74 , 155.13 , 234.45 , 156.07
234.63 , 157.19 , 234.56 , 157.61
232.50 , 158.90 , 232.07 , 159.69
234.65 , 158.84 , 234.33 , 158.87
234.74 , 155.13 , 234.45 , 156.07
234.54 , 160.90 , 234.47 , 160.40
234.54 , 160.90 , 234.47 , 160.40
234.54 , 160.90 , 234.47 , 160.40
234.54 , 160.90 , 234.47 , 160.40
234.54 , 160.90 , 234.47 , 160.40
234.54 , 160.90 , 234.47 , 160.40
234.54 , 160.90 , 234.47 , 160.40
234.54 , 160.90 , 234.47 , 160.40
232.39 , 160.94 , 232.22 , 161.20
232.39 , 160.94 , 232.22 , 161.20
230.03 , 164.73 , 230.15 , 163.25
232.30 , 164.68 , 232.25 , 163.99
229.79 , 168.50 , 230.30 , 166.03
232.13 , 168.42 , 232.40 , 166.78
229.71 , 170.51 , 230.40 , 167.52
229.71 , 170.51 , 230.40 , 167.52
229.41 , 174.29 , 230.70 , 170.29
229.41 , 174.29 , 230.70 , 170.29
227.65 , 170.56 , 228.13 , 168.31
229.71 , 170.51 , 230.40 , 167.52
229.71 , 170.51 , 230.40 , 167.52
227.89 , 164.79 , 227.85 , 164.06
227.89 , 164.79 , 227.85 , 164.06
227.99 , 161.02 , 227.82 , 161.28
230.16 , 157.23 , 230.08 , 159.23
232.42 , 157.21 , 232.32 , 158.41
232.42 , 157.21 , 232.32 , 158.41
232.42 , 157.21 , 232.32 , 158.41
230.19 , 160.98 , 229.99 , 162.02
230.16 , 157.23 , 230.08 , 159.23
230.14 , 162.99 , 230.09 , 163.51
230.10 , 166.74 , 230.13 , 166.30
232.30 , 162.97 , 232.27 , 164.25
232.20 , 159.24 , 232.35 , 161.46
232.20 , 159.24 , 232.35 , 161.46
230.14 , 162.99 , 230.09 , 163.51
230.14 , 162.99 , 230.09 , 163.51
230.14 , 162.99 , 230.09 , 163.51
230.14 , 162.99 , 230.09 , 163.51
230.10 , 159.24 , 230.17 , 160.72
227.90 , 163.01 , 227.87 , 164.32
227.90 , 163.01 , 227.87 , 164.32
230.14 , 162.99 , 230.09 , 163.51
227.93 , 166.78 , 227.92 , 167.10
230.16 , 164.73 , 230.01 , 164.81
230.16 , 164.73 , 230.01 , 164.81
230.10 , 166.74 , 230.13 , 166.30
230.10 , 166.74 , 230.13 , 166.30
230.00 , 170.50 , 230.30 , 169.08
230.00 , 170.50 , 230.30 , 169.08
230.00 , 170.50 , 230.30 , 169.08
230.00 , 170.50 , 230.30 , 169.08
230.00 , 170.50 , 230.30 , 169.08
230.00 , 170.50 , 230.30 , 169.08
230.00 , 170.50 , 230.30 , 169.08
230.10 , 166.74 , 230.13 , 166.30
230.10 , 166.74 , 230.13 , 166.30
230.09 , 168.75 , 230.18 , 167.79
230.10 , 166.74 , 230.13 , 166.30
227.65 , 170.56 , 228.13 , 168.31
230.10 , 166.74 , 230.13 , 166.30
227.92 , 163.01 , 227.91 , 162.74
227.90 , 163.01 , 227.87 , 164.32
230.14 , 162.99 , 230.09 , 163.51
230.14 , 162.99 , 230.09 , 163.51
230.14 , 162.99 , 230.09 , 163.51
230.14 , 162.99 , 230.09 , 163.51
230.10 , 159.24 , 230.17 , 160.72
230.09 , 161.25 , 230.18 , 162.21
232.20 , 161.27 , 232.38 , 162.98
227.80 , 159.24 , 227.96 , 161.53
227.79 , 161.23 , 227.99 , 163.00
230.06 , 165.00 , 230.19 , 166.55
230.06 , 165.00 , 230.19 , 166.55
230.06 , 165.00 , 230.19 , 166.55
230.06 , 165.00 , 230.19 , 166.55
230.11 , 167.01 , 230.19 , 168.05
230.16 , 168.75 , 230.25 , 169.34
234.55 , 170.76 , 234.61 , 170.85
234.50 , 168.71 , 234.60 , 169.31
234.58 , 174.47 , 234.82 , 173.64
234.55 , 170.76 , 234.61 , 170.85
236.78 , 174.45 , 237.05 , 174.40
236.78 , 174.45 , 237.05 , 174.40
236.78 , 174.45 , 237.05 , 174.40
234.66 , 176.52 , 234.78 , 175.19
234.58 , 174.47 , 234.82 , 173.64
234.58 , 174.47 , 234.82 , 173.64
234.55 , 170.76 , 234.61 , 170.85
234.55 , 170.76 , 234.61 , 170.85
232.35 , 170.76 , 232.39 , 170.08
234.55 , 170.76 , 234.61 , 170.85
232.32 , 167.03 , 232.31 , 167.28
232.35 , 170.76 , 232.39 , 170.08
232.38 , 176.53 , 232.54 , 174.38
232.38 , 176.53 , 232.54 , 174.38
232.38 , 176.53 , 232.54 , 174.38
228.02 , 172.75 , 227.92 , 171.51
230.31 , 176.52 , 230.44 , 175.12
230.28 , 172.77 , 230.22 , 172.33
230.20 , 170.76 , 230.27 , 170.84
230.23 , 174.51 , 230.48 , 173.62
230.20 , 170.76 , 230.27 , 170.84
230.31 , 176.52 , 230.44 , 175.12
227.95 , 170.76 , 227.99 , 170.04
227.95 , 170.76 , 227.99 , 170.04
230.20 , 170.76 , 230.27 , 170.84
232.35 , 170.76 , 232.39 , 170.08
230.00 , 174.52 , 230.37 , 172.07
230.00 , 174.52 , 230.37 , 172.07
230.00 , 174.52 , 230.37 , 172.07
229.81 , 176.28 , 230.69 , 173.35
229.81 , 176.28 , 230.69 , 173.35
229.81 , 176.28 , 230.69 , 173.35
229.81 , 176.28 , 230.69 , 173.35
229.81 , 176.28 , 230.69 , 173.35
229.81 , 176.28 , 230.69 , 173.35
229.56 , 180.07 , 231.12 , 176.11
229.81 , 176.28 , 230.69 , 173.35
232.18 , 176.21 , 232.88 , 174.13
229.81 , 176.28 , 230.69 , 173.35
229.81 , 176.28 , 230.69 , 173.35
229.58 , 182.08 , 231.16 , 177.61
229.58 , 182.08 , 231.16 , 177.61
229.56 , 180.07 , 231.12 , 176.11
231.51 , 180.01 , 233.30 , 175.35
231.80 , 176.23 , 232.87 , 172.59
231.54 , 177.98 , 233.22 , 173.83
230.00 , 170.50 , 230.30 , 169.08
229.83 , 174.27 , 230.60 , 171.85
229.83 , 174.27 , 230.60 , 171.85
229.98 , 172.51 , 230.37 , 170.57
229.98 , 172.51 , 230.37 , 170.57
229.98 , 172.51 , 230.37 , 170.57
227.37 , 176.35 , 228.50 , 172.55
227.38 , 178.34 , 228.50 , 174.02
224.86 , 178.39 , 226.32 , 173.18
227.38 , 178.34 , 228.50 , 174.02
227.37 , 176.35 , 228.50 , 172.55
227.08 , 178.18 , 228.86 , 173.83
229.03 , 178.10 , 231.12 , 173.05
232.19 , 174.19 , 232.78 , 172.61
232.19 , 174.19 , 232.78 , 172.61
228.04 , 176.31 , 228.64 , 175.70
228.02 , 174.32 , 228.51 , 174.23
228.02 , 174.32 , 228.51 , 174.23
228.02 , 174.32 , 228.51 , 174.23
228.01 , 170.55 , 228.20 , 171.46
225.72 , 170.61 , 225.89 , 170.71
225.70 , 166.82 , 225.71 , 167.93
225.72 , 172.58 , 226.00 , 172.15
228.01 , 170.55 , 228.20 , 171.46
225.72 , 170.61 , 225.89 , 170.71
225.75 , 168.64 , 225.72 , 169.27
228.03 , 168.56 , 228.02 , 169.99
225.75 , 168.64 , 225.72 , 169.27
227.89 , 170.56 , 228.10 , 169.88
225.53 , 170.62 , 225.86 , 169.11
227.77 , 174.34 , 228.40 , 172.66
227.77 , 174.34 , 228.40 , 172.66
227.77 , 174.34 , 228.40 , 172.66
230.13 , 174.25 , 230.64 , 173.41
227.58 , 178.14 , 228.83 , 175.41
227.58 , 178.14 , 228.83 , 175.41
227.58 , 178.14 , 228.83 , 175.41
227.58 , 180.13 , 228.95 , 176.89
225.06 , 180.23 , 226.71 , 176.09
227.05 , 180.17 , 228.95 , 175.31
225.32 , 176.40 , 226.25 , 173.33
225.06 , 180.23 , 226.71 , 176.09
227.58 , 178.14 , 228.83 , 175.41
229.58 , 178.06 , 231.02 , 174.61
227.58 , 178.14 , 228.83 , 175.41
229.58 , 178.06 , 231.02 , 174.61
229.56 , 180.07 , 231.12 , 176.11
232.01 , 179.97 , 233.31 , 176.89
232.18 , 176.21 , 232.88 , 174.13
229.81 , 176.28 , 230.69 , 173.35
234.34 , 172.43 , 234.71 , 170.58
232.29 , 172.47 , 232.57 , 171.35
232.29 , 170.44 , 232.49 , 169.83
232.29 , 170.44 , 232.49 , 169.83
232.29 , 172.47 , 232.57 , 171.35
232.29 , 172.47 , 232.57 , 171.35
230.09 , 168.75 , 230.18 , 167.79
232.32 , 168.73 , 232.39 , 168.56
232.29 , 172.47 , 232.57 , 171.35
232.03 , 172.48 , 232.57 , 169.81
232.29 , 172.47 , 232.57 , 171.35
232.29 , 170.44 , 232.49 , 169.83
232.29 , 170.44 , 232.49 , 169.83
229.98 , 172.51 , 230.37 , 170.57
230.10 , 166.74 , 230.13 , 166.30
230.00 , 170.50 , 230.30 , 169.08
230.06 , 168.49 , 230.17 , 167.59
230.06 , 168.49 , 230.17 , 167.59
230.00 , 170.50 , 230.30 , 169.08
229.83 , 174.27 , 230.60 , 171.85
230.00 , 170.50 , 230.30 , 169.08
230.00 , 170.50 , 230.30 , 169.08
230.00 , 170.50 , 230.30 , 169.08
231.84 , 174.21 , 232.80 , 171.07
232.07 , 170.45 , 232.52 , 168.29
230.00 , 170.50 , 230.30 , 169.08
230.00 , 170.50 , 230.30 , 169.08
230.00 , 170.50 , 230.30 , 169.08
227.65 , 170.56 , 228.13 , 168.31
229.83 , 174.27 , 230.60 , 171.85
230.00 , 170.50 , 230.30 , 169.08
230.10 , 166.74 , 230.13 , 166.30
230.00 , 170.50 , 230.30 , 169.08
230.06 , 168.49 , 230.17 , 167.59
230.06 , 168.49 , 230.17 , 167.59
232.29 , 170.44 , 232.49 , 169.83
232.29 , 170.44 , 232.49 , 169.83
230.10 , 166.74 , 230.13 , 166.30
230.10 , 166.74 , 230.13 , 166.30
230.10 , 166.74 , 230.13 , 166.30
230.00 , 170.50 , 230.30 , 169.08
232.29 , 170.44 , 232.49 , 169.83
232.29 , 172.47 , 232.57 , 171.35
230.18 , 172.50 , 230.44 , 172.13
232.43 , 172.46 , 232.72 , 172.88
232.34 , 168.73 , 232.53 , 170.09
230.16 , 168.75 , 230.25 , 169.34
230.16 , 168.75 , 230.25 , 169.34
230.06 , 165.00 , 230.19 , 166.55
227.89 , 165.00 , 227.92 , 165.79
227.92 , 168.77 , 227.99 , 168.57
230.12 , 165.00 , 230.12 , 165.00
230.12 , 165.00 , 230.12 , 165.00
230.09 , 168.75 , 230.18 , 167.79
230.09 , 168.75 , 230.18 , 167.79
227.93 , 166.78 , 227.92 , 167.10
227.89 , 170.56 , 228.10 , 169.88
227.89 , 170.56 , 228.10 , 169.88
227.93 , 166.78 , 227.92 , 167.10
227.93 , 166.78 , 227.92 , 167.10
227.93 , 166.78 , 227.92 , 167.10
227.93 , 166.78 , 227.92 , 167.10
230.06 , 165.00 , 230.19 , 166.55
230.06 , 165.00 , 230.19 , 166.55
227.92 , 168.77 , 227.99 , 168.57
227.89 , 165.00 , 227.92 , 165.79
227.78 , 165.00 , 228.06 , 167.36
230.11 , 167.01 , 230.19 , 168.05
227.83 , 166.99 , 228.08 , 168.83
230.11 , 167.01 , 230.19 , 168.05
225.74 , 170.76 , 225.82 , 170.82
230.20 , 170.76 , 230.27 , 170.84
225.74 , 170.76 , 225.82 , 170.82
227.92 , 166.99 , 227.91 , 167.26
227.92 , 166.99 , 227.91 , 167.26
227.92 , 166.99 , 227.91 , 167.26
228.02 , 172.75 , 227.92 , 171.51
228.02 , 172.75 , 227.92 , 171.51
227.95 , 170.76 , 227.99 , 170.04
230.10 , 170.76 , 230.17 , 169.28
227.92 , 166.99 , 227.91 , 167.26
227.92 , 166.99 , 227.91 , 167.26
230.20 , 170.76 , 230.27 , 170.84
230.06 , 165.00 , 230.19 , 166.55
230.20 , 170.76 , 230.27 , 170.84
227.95 , 170.76 , 227.99 , 170.04
230.20 , 170.76 , 230.27 , 170.84
227.95 , 170.76 , 227.99 , 170.04
227.91 , 174.53 , 228.20 , 172.82
227.91 , 174.53 , 228.20 , 172.82
227.91 , 174.53 , 228.20 , 172.82
227.95 , 170.76 , 227.99 , 170.04
227.95 , 170.76 , 227.99 , 170.04
227.95 , 170.76 , 227.99 , 170.04
227.80 , 170.76 , 227.96 , 168.47
227.62 , 174.54 , 228.17 , 171.25
227.80 , 170.76 , 227.96 , 168.47
227.79 , 168.77 , 227.99 , 167.00
225.43 , 168.79 , 225.80 , 166.19
225.19 , 172.60 , 226.00 , 168.96
225.23 , 170.63 , 225.96 , 167.52
224.99 , 172.48 , 226.15 , 168.84
224.99 , 172.48 , 226.15 , 168.84
224.59 , 176.32 , 226.57 , 171.59
224.50 , 178.30 , 226.71 , 173.03
224.50 , 178.30 , 226.71 , 173.03
224.50 , 178.30 , 226.71 , 173.03
224.50 , 178.30 , 226.71 , 173.03
224.86 , 176.42 , 226.33 , 171.73
224.86 , 176.42 , 226.33 , 171.73
224.86 , 176.42 , 226.33 , 171.73
224.86 , 176.42 , 226.33 , 171.73
224.86 , 176.42 , 226.33 , 171.73
227.40 , 174.36 , 228.43 , 171.08
227.05 , 180.17 , 228.95 , 175.31
227.05 , 180.17 , 228.95 , 175.31
227.40 , 174.36 , 228.43 , 171.08
227.37 , 176.35 , 228.50 , 172.55
224.86 , 176.42 , 226.33 , 171.73
224.86 , 176.42 , 226.33 , 171.73
227.37 , 176.35 , 228.50 , 172.55
227.37 , 176.35 , 228.50 , 172.55
227.65 , 170.56 , 228.13 , 168.31
227.65 , 170.56 , 228.13 , 168.31
229.41 , 174.29 , 230.70 , 170.29
226.91 , 174.39 , 228.60 , 169.49
226.86 , 176.37 , 228.64 , 170.97
226.91 , 174.39 , 228.60 , 169.49
225.19 , 172.60 , 226.00 , 168.96
224.86 , 176.42 , 226.33 , 171.73
224.91 , 174.45 , 226.27 , 170.28
224.91 , 174.45 , 226.27 , 170.28
227.29 , 170.58 , 228.30 , 166.73
226.91 , 174.39 , 228.60 , 169.49
227.01 , 172.39 , 228.50 , 168.03
226.91 , 174.39 , 228.60 , 169.49
226.91 , 174.39 , 228.60 , 169.49
223.80 , 178.34 , 226.96 , 171.42
226.40 , 180.21 , 229.09 , 173.72
226.46 , 178.22 , 229.03 , 172.25
226.55 , 176.23 , 228.91 , 170.78
226.55 , 176.23 , 228.91 , 170.78
227.01 , 172.39 , 228.50 , 168.03
227.01 , 172.39 , 228.50 , 168.03
226.91 , 174.39 , 228.60 , 169.49
229.49 , 172.28 , 230.58 , 168.80
226.91 , 174.39 , 228.60 , 169.49
229.49 , 172.28 , 230.58 , 168.80
229.12 , 176.09 , 230.98 , 171.56
229.12 , 176.09 , 230.98 , 171.56
229.41 , 174.29 , 230.70 , 170.29
229.49 , 172.28 , 230.58 , 168.80
231.90 , 172.17 , 232.67 , 169.55
229.49 , 172.28 , 230.58 , 168.80
232.07 , 170.45 , 232.52 , 168.29
229.41 , 174.29 , 230.70 , 170.29
229.95 , 166.75 , 230.23 , 164.74
230.10 , 166.74 , 230.13 , 166.30
230.09 , 168.75 , 230.18 , 167.79
230.09 , 168.75 , 230.18 , 167.79
230.09 , 168.75 , 230.18 , 167.79
230.09 , 168.75 , 230.18 , 167.79
227.79 , 168.77 , 227.99 , 167.00
227.79 , 168.77 , 227.99 , 167.00
230.09 , 168.75 , 230.18 , 167.79
230.09 , 168.75 , 230.18 , 167.79
230.09 , 168.75 , 230.18 , 167.79
229.98 , 172.51 , 230.37 , 170.57
227.62 , 172.55 , 228.18 , 169.78
229.98 , 172.51 , 230.37 , 170.57
229.98 , 172.51 , 230.37 , 170.57
229.98 , 172.51 , 230.37 , 170.57
227.62 , 172.55 , 228.18 , 169.78
227.62 , 172.55 , 228.18 , 169.78
229.98 , 172.51 , 230.37 , 170.57
230.10 , 166.74 , 230.13 , 166.30
230.00 , 170.50 , 230.30 , 169.08
230.00 , 170.50 , 230.30 , 169.08
227.82 , 166.78 , 227.95 , 165.53
227.82 , 166.78 , 227.95 , 165.53
227.82 , 166.78 , 227.95 , 165.53
230.09 , 168.75 , 230.18 , 167.79
227.79 , 168.77 , 227.99 , 167.00
230.10 , 166.74 , 230.13 , 166.30
229.98 , 172.51 , 230.37 , 170.57
230.18 , 170.49 , 230.34 , 170.63
230.18 , 170.49 , 230.34 , 170.63
230.16 , 168.75 , 230.25 , 169.34
230.06 , 162.99 , 230.12 , 165.06
227.78 , 165.00 , 228.06 , 167.36
230.06 , 165.00 , 230.19 , 166.55
232.34 , 168.73 , 232.53 , 170.09
232.40 , 170.76 , 232.56 , 171.61
230.23 , 174.51 , 230.48 , 173.62
230.23 , 174.51 , 230.48 , 173.62
230.23 , 174.51 , 230.48 , 173.62
230.23 , 174.51 , 230.48 , 173.62
230.23 , 174.51 , 230.48 , 173.62
227.91 , 174.53 , 228.20 , 172.82
232.29 , 172.47 , 232.57 , 171.35
229.98 , 172.51 , 230.37 , 170.57
230.18 , 172.50 , 230.44 , 172.13
232.29 , 172.47 , 232.57 , 171.35
232.32 , 168.73 , 232.39 , 168.56
230.16 , 168.75 , 230.25 , 169.34
232.29 , 172.47 , 232.57 , 171.35
232.32 , 168.73 , 232.39 , 168.56
230.11 , 167.01 , 230.19 , 168.05
230.11 , 167.01 , 230.19 , 168.05
230.20 , 170.76 , 230.27 , 170.84
230.11 , 167.01 , 230.19 , 168.05
232.24 , 167.03 , 232.47 , 168.82
230.11 , 167.01 , 230.19 , 168.05
232.23 , 163.29 , 232.35 , 164.49
229.90 , 161.24 , 230.25 , 163.77
230.06 , 165.00 , 230.19 , 166.55
229.90 , 161.24 , 230.25 , 163.77
229.90 , 161.24 , 230.25 , 163.77
232.32 , 167.03 , 232.31 , 167.28
232.32 , 167.03 , 232.31 , 167.28
230.10 , 170.76 , 230.17 , 169.28
230.10 , 170.76 , 230.17 , 169.28
230.06 , 176.53 , 230.31 , 173.56
230.16 , 172.77 , 230.08 , 170.77
230.10 , 170.76 , 230.17 , 169.28
230.10 , 170.76 , 230.17 , 169.28
230.00 , 174.52 , 230.37 , 172.07
230.10 , 170.76 , 230.17 , 169.28
227.95 , 170.76 , 227.99 , 170.04
227.95 , 170.76 , 227.99 , 170.04
227.92 , 168.77 , 227.99 , 168.57
227.92 , 168.77 , 227.99 , 168.57
230.09 , 168.75 , 230.18 , 167.79
230.09 , 168.75 , 230.18 , 167.79
230.09 , 168.75 , 230.18 , 167.79
227.79 , 168.77 , 227.99 , 167.00
230.09 , 168.75 , 230.18 , 167.79
230.10 , 166.74 , 230.13 , 166.30
230.14 , 162.99 , 230.09 , 163.51
230.10 , 166.74 , 230.13 , 166.30
230.10 , 166.74 , 230.13 , 166.30
230.14 , 162.99 , 230.09 , 163.51
230.10 , 166.74 , 230.13 , 166.30
227.90 , 163.01 , 227.87 , 164.32
227.90 , 163.01 , 227.87 , 164.32
230.06 , 162.99 , 230.12 , 165.06
230.06 , 162.99 , 230.12 , 165.06
230.06 , 162.99 , 230.12 , 165.06
230.06 , 162.99 , 230.12 , 165.06
229.89 , 159.24 , 230.20 , 162.27
230.06 , 162.99 , 230.12 , 165.06
230.15 , 166.74 , 230.17 , 167.85
230.15 , 166.74 , 230.17 , 167.85
232.32 , 168.73 , 232.39 , 168.56
230.16 , 168.75 , 230.25 , 169.34
232.32 , 168.73 , 232.39 , 168.56
232.32 , 168.73 , 232.39 , 168.56
230.09 , 168.75 , 230.18 , 167.79
229.98 , 172.51 , 230.37 , 170.57
229.98 , 172.51 , 230.37 , 170.57
227.79 , 168.77 , 227.99 , 167.00
227.62 , 174.54 , 228.17 , 171.25
230.00 , 174.52 , 230.37 , 172.07
229.98 , 172.51 , 230.37 , 170.57
229.98 , 172.51 , 230.37 , 170.57
227.62 , 172.55 , 228.18 , 169.78
227.62 , 172.55 , 228.18 , 169.78
227.62 , 172.55 , 228.18 , 169.78
227.88 , 172.55 , 228.18 , 171.35
227.62 , 172.55 , 228.18 , 169.78
227.88 , 172.55 , 228.18 , 171.35
227.88 , 172.55 , 228.18 , 171.35
230.00 , 170.50 , 230.30 , 169.08
229.98 , 172.51 , 230.37 , 170.57
227.37 , 176.35 , 228.50 , 172.55
229.81 , 176.28 , 230.69 , 173.35
229.98 , 172.51 , 230.37 , 170.57
229.81 , 176.28 , 230.69 , 173.35
229.83 , 174.27 , 230.60 , 171.85
227.40 , 174.36 , 228.43 , 171.08
227.40 , 174.36 , 228.43 , 171.08
227.40 , 174.36 , 228.43 , 171.08
227.62 , 172.55 , 228.18 , 169.78
230.00 , 170.50 , 230.30 , 169.08
229.88 , 172.26 , 230.45 , 170.36
229.88 , 172.26 , 230.45 , 170.36
229.88 , 172.26 , 230.45 , 170.36
230.06 , 168.49 , 230.17 , 167.59
230.06 , 168.49 , 230.17 , 167.59
230.16 , 164.73 , 230.01 , 164.81
232.34 , 160.94 , 232.16 , 162.74
230.19 , 160.98 , 229.99 , 162.02
230.19 , 160.98 , 229.99 , 162.02
227.99 , 161.02 , 227.82 , 161.28
228.02 , 157.25 , 227.92 , 158.49
227.84 , 157.25 , 227.85 , 160.06
227.84 , 157.25 , 227.85 , 160.06
225.74 , 161.06 , 225.53 , 162.11
225.74 , 161.06 , 225.53 , 162.11
227.99 , 161.02 , 227.82 , 161.28
225.74 , 161.06 , 225.53 , 162.11
230.14 , 162.99 , 230.09 , 163.51
230.16 , 164.73 , 230.01 , 164.81
230.06 , 168.49 , 230.17 , 167.59
230.10 , 166.74 , 230.13 , 166.30
227.92 , 163.01 , 227.91 , 162.74
227.93 , 166.78 , 227.92 , 167.10
227.90 , 163.01 , 227.87 , 164.32
227.90 , 163.01 , 227.87 , 164.32
227.94 , 161.02 , 227.76 , 162.85
227.93 , 166.78 , 227.92 , 167.10
230.10 , 166.74 , 230.13 , 166.30
230.20 , 168.48 , 230.18 , 169.15
230.06 , 168.49 , 230.17 , 167.59
227.93 , 168.56 , 227.94 , 168.42
230.00 , 170.50 , 230.30 , 169.08
230.10 , 166.74 , 230.13 , 166.30
230.06 , 168.49 , 230.17 , 167.59
227.72 , 168.57 , 228.01 , 166.84
230.00 , 170.50 , 230.30 , 169.08
227.72 , 168.57 , 228.01 , 166.84
227.47 , 172.37 , 228.29 , 169.61
227.47 , 172.37 , 228.29 , 169.61
227.47 , 172.37 , 228.29 , 169.61
227.58 , 170.37 , 228.09 , 168.15
227.58 , 170.37 , 228.09 , 168.15
232.01 , 170.14 , 232.47 , 168.05
229.61 , 170.26 , 230.39 , 167.32
229.98 , 170.24 , 230.23 , 168.88
227.58 , 170.37 , 228.09 , 168.15
227.58 , 170.37 , 228.09 , 168.15
227.83 , 166.57 , 227.82 , 165.38
230.15 , 166.47 , 229.97 , 166.11
230.11 , 168.21 , 229.94 , 167.41
230.28 , 164.44 , 229.70 , 164.64
230.11 , 168.21 , 229.94 , 167.41
229.98 , 170.24 , 230.23 , 168.88
227.97 , 164.56 , 227.56 , 163.93
227.73 , 168.36 , 227.81 , 166.71
227.73 , 168.36 , 227.81 , 166.71
227.73 , 168.36 , 227.81 , 166.71
227.58 , 170.37 , 228.09 , 168.15
225.50 , 170.48 , 225.78 , 169.01
227.83 , 166.57 , 227.82 , 165.38
227.58 , 170.37 , 228.09 , 168.15
227.83 , 166.57 , 227.82 , 165.38
227.83 , 166.57 , 227.82 , 165.38
227.83 , 166.57 , 227.82 , 165.38
228.15 , 160.78 , 227.44 , 161.15
227.97 , 164.56 , 227.56 , 163.93
227.97 , 164.56 , 227.56 , 163.93
227.97 , 164.56 , 227.56 , 163.93
227.83 , 166.57 , 227.82 , 165.38
227.83 , 166.57 , 227.82 , 165.38
227.58 , 170.37 , 228.09 , 168.15
227.83 , 166.57 , 227.82 , 165.38
227.83 , 166.57 , 227.82 , 165.38
225.59 , 168.65 , 225.72 , 167.67
225.59 , 168.65 , 225.72 , 167.67
227.72 , 168.57 , 228.01 , 166.84
227.47 , 172.37 , 228.29 , 169.61
227.72 , 168.57 , 228.01 , 166.84
227.93 , 168.56 , 227.94 , 168.42
227.93 , 168.56 , 227.94 , 168.42
227.93 , 168.56 , 227.94 , 168.42
225.40 , 172.46 , 226.01 , 170.44
227.15 , 176.18 , 228.70 , 172.37
227.63 , 176.15 , 228.64 , 173.95
225.14 , 176.29 , 226.43 , 173.19
225.08 , 178.26 , 226.61 , 174.64
227.15 , 176.18 , 228.70 , 172.37
227.15 , 176.18 , 228.70 , 172.37
227.15 , 176.18 , 228.70 , 172.37
225.40 , 172.46 , 226.01 , 170.44
225.40 , 172.46 , 226.01 , 170.44
223.19 , 168.73 , 223.50 , 166.91
223.19 , 168.73 , 223.50 , 166.91
225.59 , 168.65 , 225.72 , 167.67
225.69 , 166.67 , 225.51 , 166.24
227.81 , 172.35 , 228.23 , 171.19
229.88 , 172.26 , 230.45 , 170.36
227.81 , 172.35 , 228.23 , 171.19
227.81 , 172.35 , 228.23 , 171.19
230.16 , 172.24 , 230.46 , 171.92
230.05 , 176.02 , 230.86 , 174.68
230.05 , 176.02 , 230.86 , 174.68
229.64 , 176.05 , 230.85 , 173.12
232.06 , 175.92 , 233.01 , 173.86
229.88 , 172.26 , 230.45 , 170.36
229.88 , 172.26 , 230.45 , 170.36
229.83 , 174.27 , 230.60 , 171.85
229.83 , 174.27 , 230.60 , 171.85
232.19 , 174.19 , 232.78 , 172.61
232.19 , 174.19 , 232.78 , 172.61
234.25 , 172.07 , 234.78 , 170.29
232.06 , 175.92 , 233.01 , 173.86
234.02 , 175.82 , 235.17 , 173.05
232.23 , 172.16 , 232.61 , 171.10
234.02 , 175.82 , 235.17 , 173.05
232.23 , 172.16 , 232.61 , 171.10
232.23 , 172.16 , 232.61 , 171.10
232.31 , 170.12 , 232.38 , 169.59
232.23 , 172.16 , 232.61 , 171.10
232.23 , 172.16 , 232.61 , 171.10
232.06 , 175.92 , 233.01 , 173.86
232.02 , 177.95 , 233.20 , 175.37
232.02 , 177.95 , 233.20 , 175.37
232.19 , 174.19 , 232.78 , 172.61
234.49 , 174.10 , 234.97 , 173.34
232.19 , 174.19 , 232.78 , 172.61
232.19 , 174.19 , 232.78 , 172.61
234.49 , 174.10 , 234.97 , 173.34
234.52 , 170.38 , 234.68 , 170.56
234.49 , 166.67 , 234.51 , 167.77
234.50 , 168.71 , 234.60 , 169.31
234.50 , 168.71 , 234.60 , 169.31
234.50 , 168.71 , 234.60 , 169.31
232.32 , 168.73 , 232.39 , 168.56
232.29 , 172.47 , 232.57 , 171.35
232.32 , 168.73 , 232.39 , 168.56
232.29 , 172.47 , 232.57 , 171.35
232.29 , 170.44 , 232.49 , 169.83
227.94 , 168.77 , 228.13 , 170.14
227.94 , 168.77 , 228.13 , 170.14
227.94 , 168.77 , 228.13 , 170.14
225.70 , 168.79 , 225.80 , 169.37
225.72 , 170.61 , 225.89 , 170.71
225.72 , 170.61 , 225.89 , 170.71
225.72 , 170.61 , 225.89 , 170.71
225.72 , 170.61 , 225.89 , 170.71
223.36 , 170.67 , 223.59 , 169.94
223.24 , 174.50 , 223.90 , 172.70
223.36 , 170.67 , 223.59 , 169.94
225.59 , 168.65 , 225.72 , 167.67
225.75 , 168.64 , 225.72 , 169.27
225.75 , 168.64 , 225.72 , 169.27
225.40 , 172.46 , 226.01 , 170.44
225.34 , 174.43 , 226.17 , 171.88
225.34 , 174.43 , 226.17 , 171.88
229.83 , 174.27 , 230.60 , 171.85
227.81 , 172.35 , 228.23 , 171.19
225.34 , 174.43 , 226.17 , 171.88
225.08 , 178.26 , 226.61 , 174.64
227.77 , 174.34 , 228.40 , 172.66
227.81 , 172.35 , 228.23 , 171.19
229.88 , 172.26 , 230.45 , 170.36
229.88 , 172.26 , 230.45 , 170.36
230.00 , 170.50 , 230.30 , 169.08
230.06 , 168.49 , 230.17 , 167.59
230.16 , 164.73 , 230.01 , 164.81
230.00 , 170.50 , 230.30 , 169.08
230.16 , 164.73 , 230.01 , 164.81
230.16 , 164.73 , 230.01 , 164.81
230.16 , 164.73 , 230.01 , 164.81
230.06 , 168.49 , 230.17 , 167.59
227.93 , 168.56 , 227.94 , 168.42
230.10 , 166.74 , 230.13 , 166.30
230.16 , 164.73 , 230.01 , 164.81
227.72 , 168.57 , 228.01 , 166.84
230.06 , 168.49 , 230.17 , 167.59
227.47 , 172.37 , 228.29 , 169.61
225.59 , 168.65 , 225.72 , 167.67
227.83 , 166.57 , 227.82 , 165.38
225.50 , 170.48 , 225.78 , 169.01
225.50 , 170.48 , 225.78 , 169.01
225.50 , 170.48 , 225.78 , 169.01
227.26 , 174.18 , 228.48 , 170.91
227.58 , 170.37 , 228.09 , 168.15
229.98 , 170.24 , 230.23 , 168.88
229.98 , 170.24 , 230.23 , 168.88
229.98 , 170.24 , 230.23 , 168.88
229.98 , 170.24 , 230.23 , 168.88
229.98 , 170.24 , 230.23 , 168.88
229.98 , 170.24 , 230.23 , 168.88
230.15 , 166.47 , 229.97 , 166.11
230.25 , 162.71 , 229.83 , 163.32
230.25 , 162.71 , 229.83 , 163.32
230.25 , 162.71 , 229.83 , 163.32
230.25 , 162.71 , 229.83 , 163.32
230.25 , 162.71 , 229.83 , 163.32
228.00 , 162.79 , 227.68 , 162.60
228.00 , 162.79 , 227.68 , 162.60
228.15 , 160.78 , 227.44 , 161.15
228.25 , 157.01 , 227.45 , 158.36
230.38 , 160.69 , 229.58 , 161.85
228.33 , 158.76 , 227.14 , 159.71
228.16 , 162.54 , 227.24 , 162.49
227.97 , 164.56 , 227.56 , 163.93
228.16 , 162.54 , 227.24 , 162.49
227.97 , 164.56 , 227.56 , 163.93
227.97 , 164.56 , 227.56 , 163.93
227.97 , 164.56 , 227.56 , 163.93
228.00 , 162.79 , 227.68 , 162.60
227.83 , 166.57 , 227.82 , 165.38
227.83 , 166.57 , 227.82 , 165.38
227.83 , 166.57 , 227.82 , 165.38
227.83 , 166.57 , 227.82 , 165.38
227.83 , 166.57 , 227.82 , 165.38
227.83 , 166.57 , 227.82 , 165.38
228.00 , 162.79 , 227.68 , 162.60
228.10 , 159.02 , 227.67 , 159.81
228.10 , 159.02 , 227.67 , 159.81
228.10 , 159.02 , 227.67 , 159.81
227.89 , 164.79 , 227.85 , 164.06
227.99 , 161.02 , 227.82 , 161.28
227.95 , 159.24 , 227.99 , 159.96
230.14 , 162.99 , 230.09 , 163.51
230.14 , 162.99 , 230.09 , 163.51
227.89 , 164.79 , 227.85 , 164.06
230.10 , 166.74 , 230.13 , 166.30
230.00 , 170.50 , 230.30 , 169.08
225.53 , 170.62 , 225.86 , 169.11
225.53 , 170.62 , 225.86 , 169.11
225.53 , 170.62 , 225.86 , 169.11
225.59 , 168.65 , 225.72 , 167.67
225.34 , 174.43 , 226.17 , 171.88
225.40 , 172.46 , 226.01 , 170.44
225.40 , 172.46 , 226.01 , 170.44
225.40 , 172.46 , 226.01 , 170.44
227.47 , 172.37 , 228.29 , 169.61
227.63 , 176.15 , 228.64 , 173.95
229.58 , 178.06 , 231.02 , 174.61
229.83 , 174.27 , 230.60 , 171.85
229.83 , 174.27 , 230.60 , 171.85
230.00 , 170.50 , 230.30 , 169.08
230.00 , 170.50 , 230.30 , 169.08
227.79 , 168.77 , 227.99 , 167.00
230.10 , 166.74 , 230.13 , 166.30
230.10 , 166.74 , 230.13 , 166.30
230.00 , 170.50 , 230.30 , 169.08
230.00 , 170.50 , 230.30 , 169.08
230.10 , 166.74 , 230.13 , 166.30
230.10 , 166.74 , 230.13 , 166.30
230.10 , 166.74 , 230.13 , 166.30
230.10 , 166.74 , 230.13 , 166.30
230.14 , 162.99 , 230.09 , 163.51
227.90 , 163.01 , 227.87 , 164.32
232.32 , 168.73 , 232.39 , 168.56
232.29 , 165.00 , 232.32 , 165.77
232.29 , 165.00 , 232.32 , 165.77
232.29 , 165.00 , 232.32 , 165.77
230.12 , 165.00 , 230.12 , 165.00
230.09 , 168.75 , 230.18 , 167.79
225.66 , 165.00 , 225.66 , 165.00
230.12 , 165.00 , 230.12 , 165.00
227.89 , 165.00 , 227.92 , 164.21
227.89 , 165.00 , 227.92 , 164.21
230.12 , 165.00 , 230.12 , 165.00
232.29 , 165.00 , 232.32 , 164.23
229.90 , 168.76 , 230.25 , 166.23
227.79 , 168.77 , 227.99 , 167.00
227.79 , 168.77 , 227.99 , 167.00
227.79 , 168.77 , 227.99 , 167.00
227.79 , 168.77 , 227.99 , 167.00
229.90 , 168.76 , 230.25 , 166.23
230.06 , 165.00 , 230.19 , 163.45
227.79 , 168.77 , 227.99 , 167.00
230.09 , 168.75 , 230.18 , 167.79
230.12 , 165.00 , 230.12 , 165.00
230.12 , 165.00 , 230.12 , 165.00
227.89 , 165.00 , 227.92 , 164.21
227.79 , 168.77 , 227.99 , 167.00
230.10 , 166.74 , 230.13 , 166.30
230.10 , 166.74 , 230.13 , 166.30
230.10 , 166.74 , 230.13 , 166.30
230.14 , 162.99 , 230.09 , 163.51
230.10 , 166.74 , 230.13 , 166.30
234.45 , 166.67 , 234.48 , 166.25
234.45 , 166.67 , 234.48 , 166.25
234.45 , 166.67 , 234.48 , 166.25
234.43 , 168.71 , 234.53 , 167.79
234.43 , 168.71 , 234.53 , 167.79
234.43 , 168.71 , 234.53 , 167.79
232.20 , 168.73 , 232.38 , 167.02
234.43 , 168.71 , 234.53 , 167.79
229.98 , 172.51 , 230.37 , 170.57
232.32 , 168.73 , 232.39 , 168.56
230.09 , 168.75 , 230.18 , 167.79
232.29 , 172.47 , 232.57 , 171.35
234.34 , 172.43 , 234.71 , 170.58
234.34 , 172.43 , 234.71 , 170.58
234.43 , 168.71 , 234.53 , 167.79
232.20 , 168.73 , 232.38 , 167.02
230.14 , 162.99 , 230.09 , 163.51
230.10 , 166.74 , 230.13 , 166.30
230.10 , 166.74 , 230.13 , 166.30
232.33 , 166.70 , 232.32 , 167.04
230.14 , 162.99 , 230.09 , 163.51
230.14 , 162.99 , 230.09 , 163.51
230.14 , 162.99 , 230.09 , 163.51
230.10 , 166.74 , 230.13 , 166.30
230.14 , 162.99 , 230.09 , 163.51
230.16 , 164.73 , 230.01 , 164.81
230.19 , 160.98 , 229.99 , 162.02
230.16 , 164.73 , 230.01 , 164.81
227.89 , 164.79 , 227.85 , 164.06
230.06 , 168.49 , 230.17 , 167.59
230.00 , 170.50 , 230.30 , 169.08
229.95 , 166.75 , 230.23 , 164.74
232.07 , 170.45 , 232.52 , 168.29
229.71 , 170.51 , 230.40 , 167.52
232.07 , 170.45 , 232.52 , 168.29
232.07 , 170.45 , 232.52 , 168.29
234.36 , 170.39 , 234.64 , 169.04
234.36 , 170.39 , 234.64 , 169.04
234.34 , 172.43 , 234.71 , 170.58
232.29 , 172.47 , 232.57 , 171.35
232.19 , 174.19 , 232.78 , 172.61
234.20 , 174.12 , 234.93 , 171.82
232.19 , 174.19 , 232.78 , 172.61
229.58 , 178.06 , 231.02 , 174.61
229.56 , 180.07 , 231.12 , 176.11
234.02 , 175.82 , 235.17 , 173.05
234.25 , 172.07 , 234.78 , 170.29
234.25 , 172.07 , 234.78 , 170.29
234.02 , 175.82 , 235.17 , 173.05
233.97 , 177.87 , 235.33 , 174.59
233.97 , 177.87 , 235.33 , 174.59
233.68 , 181.64 , 235.85 , 177.34
233.97 , 177.87 , 235.33 , 174.59
235.85 , 179.86 , 237.54 , 175.40
233.45 , 177.90 , 235.41 , 173.06
233.45 , 177.90 , 235.41 , 173.06
233.45 , 177.90 , 235.41 , 173.06
233.45 , 177.90 , 235.41 , 173.06
231.54 , 177.98 , 233.22 , 173.83
231.54 , 177.98 , 233.22 , 173.83
231.54 , 177.98 , 233.22 , 173.83
229.12 , 176.09 , 230.98 , 171.56
229.12 , 176.09 , 230.98 , 171.56
231.90 , 172.17 , 232.67 , 169.55
231.90 , 172.17 , 232.67 , 169.55
231.90 , 172.17 , 232.67 , 169.55
231.90 , 172.17 , 232.67 , 169.55
232.01 , 170.14 , 232.47 , 168.05
232.01 , 170.14 , 232.47 , 168.05
231.90 , 172.17 , 232.67 , 169.55
232.13 , 168.42 , 232.40 , 166.78
231.90 , 172.17 , 232.67 , 169.55
230.06 , 168.49 , 230.17 , 167.59
231.90 , 172.17 , 232.67 , 169.55
232.01 , 170.14 , 232.47 , 168.05
231.90 , 172.17 , 232.67 , 169.55
234.41 , 168.34 , 234.51 , 167.51
232.33 , 168.41 , 232.34 , 168.32
232.23 , 172.16 , 232.61 , 171.10
232.23 , 172.16 , 232.61 , 171.10
232.29 , 170.44 , 232.49 , 169.83
232.19 , 174.19 , 232.78 , 172.61
230.00 , 170.50 , 230.30 , 169.08
230.10 , 166.74 , 230.13 , 166.30
230.10 , 166.74 , 230.13 , 166.30
230.10 , 166.74 , 230.13 , 166.30
230.10 , 166.74 , 230.13 , 166.30
229.98 , 172.51 , 230.37 , 170.57
230.00 , 170.50 , 230.30 , 169.08
229.98 , 172.51 , 230.37 , 170.57
230.00 , 170.50 , 230.30 , 169.08
230.00 , 170.50 , 230.30 , 169.08
230.00 , 170.50 , 230.30 , 169.08
230.00 , 170.50 , 230.30 , 169.08
232.29 , 170.44 , 232.49 , 169.83
232.29 , 170.44 , 232.49 , 169.83
232.29 , 172.47 , 232.57 , 171.35
230.00 , 170.50 , 230.30 , 169.08
229.98 , 172.51 , 230.37 , 170.57
232.33 , 166.70 , 232.32 , 167.04
232.29 , 172.47 , 232.57 , 171.35
232.32 , 168.73 , 232.39 , 168.56
232.32 , 168.73 , 232.39 , 168.56
232.29 , 172.47 , 232.57 , 171.35
232.03 , 172.48 , 232.57 , 169.81
234.34 , 172.43 , 234.71 , 170.58
231.80 , 176.23 , 232.87 , 172.59
229.98 , 172.51 , 230.37 , 170.57
230.09 , 168.75 , 230.18 , 167.79
230.10 , 166.74 , 230.13 , 166.30
229.98 , 172.51 , 230.37 , 170.57
229.98 , 172.51 , 230.37 , 170.57
229.98 , 172.51 , 230.37 , 170.57
229.98 , 172.51 , 230.37 , 170.57
227.92 , 168.77 , 227.99 , 168.57
230.09 , 168.75 , 230.18 , 167.79
230.09 , 168.75 , 230.18 , 167.79
230.09 , 168.75 , 230.18 , 167.79
230.09 , 168.75 , 230.18 , 167.79
230.09 , 168.75 , 230.18 , 167.79
230.09 , 168.75 , 230.18 , 167.79
227.62 , 172.55 , 228.18 , 169.78
227.65 , 170.56 , 228.13 , 168.31
227.37 , 176.35 , 228.50 , 172.55
227.62 , 172.55 , 228.18 , 169.78
229.81 , 176.28 , 230.69 , 173.35
227.37 , 176.35 , 228.50 , 172.55
231.80 , 176.23 , 232.87 , 172.59
231.51 , 180.01 , 233.30 , 175.35
231.51 , 180.01 , 233.30 , 175.35
231.81 , 178.26 , 232.87 , 174.11
231.80 , 176.23 , 232.87 , 172.59
232.03 , 172.48 , 232.57 , 169.81
231.80 , 176.23 , 232.87 , 172.59
232.03 , 172.48 , 232.57 , 169.81
232.03 , 172.48 , 232.57 , 169.81
232.03 , 172.48 , 232.57 , 169.81
233.76 , 176.19 , 235.06 , 171.84
231.80 , 176.23 , 232.87 , 172.59
231.81 , 178.26 , 232.87 , 174.11
232.03 , 172.48 , 232.57 , 169.81
229.66 , 174.53 , 230.40 , 170.51
229.89 , 170.76 , 230.20 , 167.73
232.04 , 174.50 , 232.55 , 171.33
229.66 , 174.53 , 230.40 , 170.51
232.03 , 172.48 , 232.57 , 169.81
227.65 , 170.56 , 228.13 , 168.31
229.71 , 170.51 , 230.40 , 167.52
227.40 , 174.36 , 228.43 , 171.08
227.47 , 172.37 , 228.29 , 169.61
225.11 , 170.50 , 225.95 , 167.40
224.99 , 172.48 , 226.15 , 168.84
224.99 , 172.48 , 226.15 , 168.84
227.47 , 172.37 , 228.29 , 169.61
227.47 , 172.37 , 228.29 , 169.61
227.47 , 172.37 , 228.29 , 169.61
227.47 , 172.37 , 228.29 , 169.61
227.47 , 172.37 , 228.29 , 169.61
227.08 , 178.18 , 228.86 , 173.83
229.41 , 174.29 , 230.70 , 170.29
229.71 , 170.51 , 230.40 , 167.52
227.65 , 170.56 , 228.13 , 168.31
229.41 , 174.29 , 230.70 , 170.29
229.41 , 174.29 , 230.70 , 170.29
229.41 , 174.29 , 230.70 , 170.29
229.41 , 174.29 , 230.70 , 170.29
229.41 , 174.29 , 230.70 , 170.29
229.41 , 174.29 , 230.70 , 170.29
228.99 , 180.11 , 231.18 , 174.55
229.37 , 176.30 , 230.75 , 171.79
228.99 , 180.11 , 231.18 , 174.55
231.80 , 176.23 , 232.87 , 172.59
231.80 , 176.23 , 232.87 , 172.59
231.80 , 176.23 , 232.87 , 172.59
231.80 , 176.23 , 232.87 , 172.59
234.18 , 176.17 , 235.01 , 173.37
234.18 , 176.17 , 235.01 , 173.37
234.18 , 176.17 , 235.01 , 173.37
234.20 , 174.12 , 234.93 , 171.82
234.18 , 176.17 , 235.01 , 173.37
234.34 , 172.43 , 234.71 , 170.58
234.45 , 166.67 , 234.48 , 166.25
234.45 , 166.67 , 234.48 , 166.25
234.45 , 166.67 , 234.48 , 166.25
232.32 , 162.97 , 232.31 , 162.72
232.23 , 166.71 , 232.35 , 165.51
232.23 , 166.71 , 232.35 , 165.51
230.14 , 162.99 , 230.09 , 163.51
230.14 , 162.99 , 230.09 , 163.51
230.14 , 162.99 , 230.09 , 163.51
230.14 , 162.99 , 230.09 , 163.51
230.14 , 162.99 , 230.09 , 163.51
230.14 , 162.99 , 230.09 , 163.51
230.12 , 165.00 , 230.12 , 165.00
227.95 , 159.24 , 227.99 , 159.96
232.35 , 159.24 , 232.39 , 159.92
230.10 , 159.24 , 230.17 , 160.72
232.29 , 165.00 , 232.32 , 164.23
232.29 , 165.00 , 232.32 , 164.23
232.29 , 165.00 , 232.32 , 165.77
230.10 , 166.74 , 230.13 , 166.30
230.14 , 162.99 , 230.09 , 163.51
230.10 , 166.74 , 230.13 , 166.30
230.10 , 166.74 , 230.13 , 166.30
232.33 , 166.70 , 232.32 , 167.04
232.33 , 166.70 , 232.32 , 167.04
232.33 , 166.70 , 232.32 , 167.04
232.33 , 166.70 , 232.32 , 167.04
232.29 , 170.44 , 232.49 , 169.83
232.33 , 166.70 , 232.32 , 167.04
232.33 , 166.70 , 232.32 , 167.04
230.16 , 164.73 , 230.01 , 164.81
227.94 , 161.02 , 227.76 , 162.85
230.16 , 164.73 , 230.01 , 164.81
227.94 , 161.02 , 227.76 , 162.85
227.94 , 161.02 , 227.76 , 162.85
225.84 , 159.08 , 225.36 , 160.67
225.80 , 155.29 , 225.48 , 157.88
225.74 , 161.06 , 225.53 , 162.11
225.84 , 159.08 , 225.36 , 160.67
225.70 , 164.85 , 225.56 , 164.89
227.97 , 164.79 , 227.78 , 165.64
227.97 , 164.79 , 227.78 , 165.64
227.97 , 164.79 , 227.78 , 165.64
227.97 , 164.79 , 227.78 , 165.64
230.16 , 164.73 , 230.01 , 164.81
230.16 , 164.73 , 230.01 , 164.81
230.16 , 164.73 , 230.01 , 164.81
232.37 , 164.67 , 232.19 , 165.53
230.14 , 162.99 , 230.09 , 163.51
230.10 , 166.74 , 230.13 , 166.30
230.10 , 166.74 , 230.13 , 166.30
230.14 , 162.99 , 230.09 , 163.51
230.14 , 162.99 , 230.09 , 163.51
232.30 , 162.97 , 232.27 , 164.25
232.30 , 162.97 , 232.27 , 164.25
230.06 , 165.00 , 230.19 , 166.55
232.29 , 165.00 , 232.32 , 165.77
230.06 , 162.99 , 230.12 , 165.06
230.06 , 162.99 , 230.12 , 165.06
230.06 , 162.99 , 230.12 , 165.06
232.30 , 162.97 , 232.27 , 164.25
232.30 , 162.97 , 232.27 , 164.25
232.30 , 162.97 , 232.27 , 164.25
232.29 , 165.00 , 232.32 , 165.77
232.29 , 165.00 , 232.32 , 165.77
234.45 , 159.24 , 234.51 , 160.67
232.20 , 159.24 , 232.35 , 161.46
232.20 , 159.24 , 232.35 , 161.46
232.20 , 159.24 , 232.35 , 161.46
234.45 , 159.24 , 234.51 , 160.67
232.34 , 160.94 , 232.16 , 162.74
230.14 , 162.99 , 230.09 , 163.51
234.50 , 164.62 , 234.36 , 164.72
232.30 , 162.97 , 232.27 , 164.25
230.14 , 162.99 , 230.09 , 163.51
232.30 , 162.97 , 232.27 , 164.25
232.30 , 162.97 , 232.27 , 164.25
232.33 , 166.70 , 232.32 , 167.04
232.30 , 162.97 , 232.27 , 164.25
232.33 , 166.70 , 232.32 , 167.04
232.32 , 168.73 , 232.39 , 168.56
230.09 , 168.75 , 230.18 , 167.79
232.32 , 168.73 , 232.39 , 168.56
232.32 , 168.73 , 232.39 , 168.56
232.32 , 168.73 , 232.39 , 168.56
232.32 , 168.73 , 232.39 , 168.56
232.32 , 168.73 , 232.39 , 168.56
232.33 , 166.70 , 232.32 , 167.04
232.29 , 172.47 , 232.57 , 171.35
232.33 , 166.70 , 232.32 , 167.04
232.33 , 166.70 , 232.32 , 167.04
230.10 , 166.74 , 230.13 , 166.30
230.00 , 170.50 , 230.30 , 169.08
230.10 , 166.74 , 230.13 , 166.30
230.10 , 166.74 , 230.13 , 166.30
230.00 , 170.50 , 230.30 , 169.08
230.00 , 170.50 , 230.30 , 169.08
229.98 , 172.51 , 230.37 , 170.57
232.07 , 170.45 , 232.52 , 168.29
232.29 , 170.44 , 232.49 , 169.83
230.00 , 170.50 , 230.30 , 169.08
230.00 , 170.50 , 230.30 , 169.08
229.98 , 172.51 , 230.37 , 170.57
231.80 , 176.23 , 232.87 , 172.59
231.80 , 176.23 , 232.87 , 172.59
231.80 , 176.23 , 232.87 , 172.59
234.18 , 176.17 , 235.01 , 173.37
234.18 , 176.17 , 235.01 , 173.37
234.18 , 176.17 , 235.01 , 173.37
231.80 , 176.23 , 232.87 , 172.59
234.34 , 172.43 , 234.71 , 170.58
234.43 , 168.71 , 234.53 , 167.79
234.34 , 172.43 , 234.71 , 170.58
232.20 , 168.73 , 232.38 , 167.02
232.03 , 172.48 , 232.57 , 169.81
232.20 , 168.73 , 232.38 , 167.02
234.43 , 168.71 , 234.53 , 167.79
234.43 , 168.71 , 234.53 , 167.79
232.20 , 168.73 , 232.38 , 167.02
