230.56 , 256.81 , 264.37 , 269.31
230.56 , 256.81 , 264.37 , 269.31
230.56 , 256.81 , 264.37 , 269.31
230.56 , 256.81 , 264.37 , 269.31
230.56 , 256.81 , 264.37 , 269.31
231.87 , 260.22 , 266.45 , 271.90
226.46 , 258.86 , 265.94 , 272.48
230.56 , 256.81 , 264.37 , 269.31
225.08 , 255.46 , 263.86 , 269.91
222.39 , 255.62 , 260.22 , 269.11
222.39 , 255.62 , 260.22 , 269.11
225.08 , 255.46 , 263.86 , 269.91
225.08 , 255.46 , 263.86 , 269.91
225.08 , 255.46 , 263.86 , 269.91
225.08 , 255.46 , 263.86 , 269.91
223.41 , 253.17 , 264.47 , 268.14
223.41 , 253.17 , 264.47 , 268.14
223.41 , 253.17 , 264.47 , 268.14
221.94 , 249.79 , 262.48 , 265.56
224.52 , 249.66 , 266.14 , 266.32
224.52 , 249.66 , 266.14 , 266.32
224.52 , 249.66 , 266.14 , 266.32
221.94 , 249.79 , 262.48 , 265.56
224.52 , 249.66 , 266.14 , 266.32
224.52 , 249.66 , 266.14 , 266.32
224.52 , 249.66 , 266.14 , 266.32
218.32 , 248.24 , 265.71 , 266.93
218.32 , 248.24 , 265.71 , 266.93
218.32 , 248.24 , 265.71 , 266.93
217.17 , 246.26 , 266.24 , 265.17
217.17 , 246.26 , 266.24 , 265.17
215.74 , 248.37 , 262.01 , 266.19
214.61 , 246.40 , 262.55 , 264.45
214.61 , 246.40 , 262.55 , 264.45
212.96 , 243.04 , 260.66 , 261.89
212.96 , 243.04 , 260.66 , 261.89
214.10 , 245.00 , 260.12 , 263.61
206.80 , 243.31 , 259.68 , 264.26
208.53 , 246.67 , 261.56 , 266.83
206.38 , 240.15 , 263.24 , 259.86
203.82 , 240.38 , 259.53 , 259.23
212.33 , 241.10 , 263.65 , 259.19
212.33 , 241.10 , 263.65 , 259.19
212.33 , 241.10 , 263.65 , 259.19
212.33 , 241.10 , 263.65 , 259.19
212.33 , 241.10 , 263.65 , 259.19
212.33 , 241.10 , 263.65 , 259.19
214.47 , 246.16 , 265.36 , 263.42
214.47 , 246.16 , 265.36 , 263.42
214.47 , 246.16 , 265.36 , 263.42
214.47 , 246.16 , 265.36 , 263.42
215.92 , 249.55 , 267.44 , 265.87
215.92 , 249.55 , 267.44 , 265.87
221.29 , 250.52 , 267.89 , 265.24
219.91 , 247.12 , 265.81 , 262.78
219.91 , 247.12 , 265.81 , 262.78
221.29 , 250.52 , 267.89 , 265.24
219.91 , 247.12 , 265.81 , 262.78
219.91 , 247.12 , 265.81 , 262.78
225.88 , 249.98 , 265.94 , 263.95
225.88 , 249.98 , 265.94 , 263.95
224.49 , 246.59 , 263.95 , 261.41
225.88 , 249.98 , 265.94 , 263.95
225.88 , 249.98 , 265.94 , 263.95
225.88 , 249.98 , 265.94 , 263.95
225.88 , 249.98 , 265.94 , 263.95
225.88 , 249.98 , 265.94 , 263.95
228.50 , 255.52 , 267.57 , 268.27
225.88 , 249.98 , 265.94 , 263.95
228.50 , 255.52 , 267.57 , 268.27
220.87 , 249.03 , 265.45 , 264.57
227.19 , 252.11 , 265.50 , 265.74
224.52 , 252.32 , 261.92 , 264.98
227.19 , 252.11 , 265.50 , 265.74
223.19 , 248.88 , 259.91 , 262.42
217.95 , 247.81 , 259.37 , 263.07
221.76 , 245.45 , 257.99 , 259.83
223.19 , 248.88 , 259.91 , 262.42
223.19 , 248.88 , 259.91 , 262.42
223.19 , 248.88 , 259.91 , 262.42
230.73 , 255.60 , 261.97 , 266.13
224.71 , 251.12 , 259.38 , 264.15
222.05 , 251.27 , 255.77 , 263.35
220.54 , 249.05 , 256.31 , 261.65
220.54 , 249.05 , 256.31 , 261.65
227.51 , 257.00 , 261.09 , 266.10
226.39 , 253.47 , 258.96 , 263.56
226.39 , 253.47 , 258.96 , 263.56
226.39 , 253.47 , 258.96 , 263.56
225.19 , 249.97 , 256.93 , 260.99
220.54 , 249.05 , 256.31 , 261.65
215.28 , 243.64 , 251.21 , 256.61
216.54 , 245.71 , 250.74 , 258.27
216.54 , 245.71 , 250.74 , 258.27
219.17 , 245.57 , 254.37 , 259.06
220.54 , 249.05 , 256.31 , 261.65
222.05 , 251.27 , 255.77 , 263.35
225.50 , 248.81 , 254.45 , 260.08
225.50 , 248.81 , 254.45 , 260.08
225.50 , 248.81 , 254.45 , 260.08
225.50 , 248.81 , 254.45 , 260.08
222.49 , 250.18 , 253.20 , 262.41
231.37 , 254.66 , 259.35 , 265.26
230.01 , 251.23 , 257.42 , 262.59
231.37 , 254.66 , 259.35 , 265.26
229.90 , 258.29 , 257.82 , 267.04
232.15 , 260.98 , 257.12 , 268.77
230.95 , 257.48 , 255.08 , 266.11
232.15 , 260.98 , 257.12 , 268.77
229.90 , 258.29 , 257.82 , 267.04
229.90 , 258.29 , 257.82 , 267.04
231.02 , 261.81 , 259.95 , 269.64
233.82 , 261.59 , 263.46 , 270.49
233.82 , 261.59 , 263.46 , 270.49
233.82 , 261.59 , 263.46 , 270.49
233.82 , 261.59 , 263.46 , 270.49
235.33 , 257.96 , 264.91 , 268.72
231.37 , 254.66 , 259.35 , 265.26
226.54 , 253.53 , 258.76 , 265.88
227.87 , 256.97 , 260.78 , 268.49
232.76 , 259.46 , 263.68 , 271.08
232.76 , 259.46 , 263.68 , 271.08
231.37 , 256.06 , 261.69 , 268.43
232.76 , 259.46 , 263.68 , 271.08
237.61 , 260.70 , 264.23 , 270.49
237.61 , 260.70 , 264.23 , 270.49
232.76 , 259.46 , 263.68 , 271.08
232.76 , 259.46 , 263.68 , 271.08
235.43 , 259.34 , 267.29 , 271.90
233.97 , 255.99 , 265.32 , 269.25
236.28 , 257.30 , 262.24 , 267.83
229.17 , 253.42 , 262.38 , 266.69
236.60 , 254.45 , 266.49 , 266.89
237.98 , 257.81 , 268.46 , 269.53
238.88 , 257.23 , 265.82 , 268.66
236.28 , 257.30 , 262.24 , 267.83
240.32 , 263.71 , 263.48 , 272.26
241.61 , 260.26 , 265.07 , 270.42
238.88 , 257.23 , 265.82 , 268.66
234.86 , 253.91 , 260.34 , 265.13
237.57 , 256.92 , 259.58 , 266.83
232.27 , 253.95 , 256.73 , 264.28
237.57 , 256.92 , 259.58 , 266.83
236.33 , 260.37 , 257.89 , 268.68
236.33 , 260.37 , 257.89 , 268.68
240.60 , 261.48 , 258.52 , 268.09
245.01 , 268.31 , 259.71 , 272.53
241.81 , 264.95 , 260.54 , 270.80
241.81 , 264.95 , 260.54 , 270.80
243.26 , 261.43 , 262.06 , 268.98
240.32 , 263.71 , 263.48 , 272.26
236.28 , 257.30 , 262.24 , 267.83
237.61 , 260.70 , 264.23 , 270.49
232.71 , 262.47 , 259.31 , 271.96
230.06 , 259.59 , 260.08 , 270.24
232.76 , 259.46 , 263.68 , 271.08
229.17 , 253.42 , 262.38 , 266.69
228.72 , 256.15 , 258.07 , 267.59
227.87 , 256.97 , 260.78 , 268.49
235.33 , 257.96 , 264.91 , 268.72
234.07 , 262.87 , 265.77 , 273.70
234.07 , 262.87 , 265.77 , 273.70
231.30 , 263.05 , 262.19 , 272.85
231.30 , 263.05 , 262.19 , 272.85
236.74 , 265.78 , 265.00 , 275.49
235.30 , 266.30 , 267.93 , 276.29
235.30 , 266.30 , 267.93 , 276.29
235.30 , 266.30 , 267.93 , 276.29
235.30 , 266.30 , 267.93 , 276.29
236.44 , 269.76 , 270.18 , 278.85
236.44 , 269.76 , 270.18 , 278.85
235.30 , 266.30 , 267.93 , 276.29
233.10 , 263.66 , 268.62 , 274.46
233.10 , 263.66 , 268.62 , 274.46
234.24 , 267.12 , 270.86 , 276.98
233.54 , 270.06 , 266.66 , 277.99
232.46 , 266.54 , 264.39 , 275.44
235.12 , 269.42 , 263.61 , 277.23
232.46 , 266.54 , 264.39 , 275.44
234.07 , 262.87 , 265.77 , 273.70
231.87 , 260.22 , 266.45 , 271.90
231.87 , 260.22 , 266.45 , 271.90
229.12 , 260.43 , 262.88 , 271.08
233.82 , 261.59 , 263.46 , 270.49
236.58 , 261.38 , 266.98 , 271.33
236.58 , 261.38 , 266.98 , 271.33
240.02 , 267.57 , 268.47 , 275.74
240.02 , 267.57 , 268.47 , 275.74
237.74 , 264.82 , 269.14 , 273.90
235.30 , 266.30 , 267.93 , 276.29
241.10 , 271.04 , 270.71 , 278.31
235.94 , 268.62 , 267.92 , 275.60
235.94 , 268.62 , 267.92 , 275.60
230.53 , 268.59 , 270.32 , 276.75
231.35 , 267.44 , 267.35 , 276.15
231.35 , 267.44 , 267.35 , 276.15
230.28 , 263.92 , 265.08 , 273.64
227.41 , 264.20 , 261.55 , 272.79
227.41 , 264.20 , 261.55 , 272.79
230.28 , 263.92 , 265.08 , 273.64
228.46 , 261.51 , 265.69 , 271.82
230.28 , 263.92 , 265.08 , 273.64
234.03 , 266.10 , 268.52 , 273.74
232.05 , 265.36 , 262.17 , 272.20
230.28 , 263.92 , 265.08 , 273.64
227.30 , 258.02 , 263.50 , 269.30
225.60 , 261.82 , 262.17 , 271.01
224.51 , 258.27 , 259.94 , 268.49
224.51 , 258.27 , 259.94 , 268.49
225.60 , 261.82 , 262.17 , 271.01
227.41 , 264.20 , 261.55 , 272.79
230.16 , 262.87 , 262.78 , 270.41
227.41 , 264.20 , 261.55 , 272.79
232.05 , 265.36 , 262.17 , 272.20
234.92 , 265.08 , 265.65 , 273.06
234.92 , 265.08 , 265.65 , 273.06
228.46 , 261.51 , 265.69 , 271.82
228.46 , 261.51 , 265.69 , 271.82
233.10 , 263.66 , 268.62 , 274.46
233.10 , 263.66 , 268.62 , 274.46
231.26 , 261.22 , 269.22 , 272.62
231.26 , 261.22 , 269.22 , 272.62
231.26 , 261.22 , 269.22 , 272.62
233.10 , 263.66 , 268.62 , 274.46
230.04 , 257.79 , 267.05 , 270.09
231.87 , 260.22 , 266.45 , 271.90
231.26 , 261.22 , 269.22 , 272.62
231.26 , 261.22 , 269.22 , 272.62
231.26 , 261.22 , 269.22 , 272.62
231.26 , 261.22 , 269.22 , 272.62
231.26 , 261.22 , 269.22 , 272.62
231.26 , 261.22 , 269.22 , 272.62
231.26 , 261.22 , 269.22 , 272.62
231.26 , 261.22 , 269.22 , 272.62
229.72 , 258.96 , 269.74 , 270.77
228.50 , 255.52 , 267.57 , 268.27
233.01 , 256.47 , 268.09 , 267.68
230.29 , 256.72 , 264.59 , 266.90
229.99 , 258.01 , 267.22 , 267.57
226.93 , 259.27 , 266.22 , 270.00
229.99 , 258.01 , 267.22 , 267.57
231.39 , 260.22 , 266.78 , 269.41
231.39 , 260.22 , 266.78 , 269.41
231.39 , 260.22 , 266.78 , 269.41
234.18 , 259.91 , 270.25 , 270.19
229.72 , 258.96 , 269.74 , 270.77
228.42 , 256.82 , 270.18 , 268.92
229.72 , 258.96 , 269.74 , 270.77
229.72 , 258.96 , 269.74 , 270.77
225.64 , 257.16 , 266.67 , 268.17
228.42 , 256.82 , 270.18 , 268.92
223.53 , 255.85 , 269.70 , 269.51
223.53 , 255.85 , 269.70 , 269.51
223.53 , 255.85 , 269.70 , 269.51
223.53 , 255.85 , 269.70 , 269.51
223.53 , 255.85 , 269.70 , 269.51
223.53 , 255.85 , 269.70 , 269.51
228.42 , 256.82 , 270.18 , 268.92
227.19 , 253.39 , 268.01 , 266.45
225.64 , 257.16 , 266.67 , 268.17
225.64 , 257.16 , 266.67 , 268.17
228.89 , 254.51 , 265.03 , 265.09
228.89 , 254.51 , 265.03 , 265.09
224.48 , 253.67 , 264.47 , 265.71
224.48 , 253.67 , 264.47 , 265.71
227.19 , 253.39 , 268.01 , 266.45
228.42 , 256.82 , 270.18 , 268.92
228.50 , 255.52 , 267.57 , 268.27
228.42 , 256.82 , 270.18 , 268.92
227.19 , 253.39 , 268.01 , 266.45
233.01 , 256.47 , 268.09 , 267.68
228.50 , 255.52 , 267.57 , 268.27
227.19 , 253.39 , 268.01 , 266.45
227.19 , 253.39 , 268.01 , 266.45
227.19 , 253.39 , 268.01 , 266.45
227.19 , 253.39 , 268.01 , 266.45
227.19 , 253.39 , 268.01 , 266.45
227.19 , 253.39 , 268.01 , 266.45
228.42 , 256.82 , 270.18 , 268.92
228.42 , 256.82 , 270.18 , 268.92
224.48 , 253.67 , 264.47 , 265.71
225.64 , 257.16 , 266.67 , 268.17
224.48 , 253.67 , 264.47 , 265.71
224.48 , 253.67 , 264.47 , 265.71
227.19 , 253.39 , 268.01 , 266.45
224.77 , 247.96 , 266.29 , 262.15
226.08 , 251.37 , 268.36 , 264.62
225.88 , 249.98 , 265.94 , 263.95
227.19 , 253.39 , 268.01 , 266.45
225.88 , 249.98 , 265.94 , 263.95
233.01 , 256.47 , 268.09 , 267.68
225.77 , 255.78 , 264.03 , 267.51
233.01 , 256.47 , 268.09 , 267.68
233.01 , 256.47 , 268.09 , 267.68
228.50 , 255.52 , 267.57 , 268.27
227.19 , 252.11 , 265.50 , 265.74
227.19 , 252.11 , 265.50 , 265.74
227.19 , 252.11 , 265.50 , 265.74
227.19 , 252.11 , 265.50 , 265.74
227.19 , 252.11 , 265.50 , 265.74
227.19 , 252.11 , 265.50 , 265.74
228.50 , 255.52 , 267.57 , 268.27
233.01 , 256.47 , 268.09 , 267.68
230.04 , 257.79 , 267.05 , 270.09
234.65 , 258.84 , 267.58 , 269.51
235.82 , 262.28 , 269.74 , 272.05
227.30 , 258.02 , 263.50 , 269.30
230.04 , 257.79 , 267.05 , 270.09
228.50 , 255.52 , 267.57 , 268.27
228.50 , 255.52 , 267.57 , 268.27
227.19 , 252.11 , 265.50 , 265.74
224.52 , 252.32 , 261.92 , 264.98
223.23 , 250.21 , 262.37 , 263.21
227.71 , 251.04 , 262.93 , 262.58
221.90 , 246.77 , 260.36 , 260.68
223.23 , 250.21 , 262.37 , 263.21
223.23 , 250.21 , 262.37 , 263.21
223.23 , 250.21 , 262.37 , 263.21
223.23 , 250.21 , 262.37 , 263.21
224.52 , 252.32 , 261.92 , 264.98
224.52 , 252.32 , 261.92 , 264.98
229.10 , 253.25 , 262.49 , 264.36
229.10 , 253.25 , 262.49 , 264.36
224.52 , 252.32 , 261.92 , 264.98
227.19 , 252.11 , 265.50 , 265.74
228.73 , 254.38 , 264.97 , 267.53
225.79 , 248.72 , 263.51 , 263.18
227.19 , 252.11 , 265.50 , 265.74
227.19 , 252.11 , 265.50 , 265.74
224.52 , 252.32 , 261.92 , 264.98
224.71 , 251.12 , 259.38 , 264.15
224.71 , 251.12 , 259.38 , 264.15
224.71 , 251.12 , 259.38 , 264.15
226.05 , 254.56 , 261.39 , 266.74
224.71 , 251.12 , 259.38 , 264.15
224.71 , 251.12 , 259.38 , 264.15
224.71 , 251.12 , 259.38 , 264.15
226.54 , 253.53 , 258.76 , 265.88
226.54 , 253.53 , 258.76 , 265.88
230.01 , 251.23 , 257.42 , 262.59
230.01 , 251.23 , 257.42 , 262.59
232.59 , 251.16 , 261.02 , 263.42
229.17 , 253.42 , 262.38 , 266.69
231.37 , 256.06 , 261.69 , 268.43
231.37 , 256.06 , 261.69 , 268.43
231.37 , 256.06 , 261.69 , 268.43
232.76 , 259.46 , 263.68 , 271.08
232.76 , 259.46 , 263.68 , 271.08
237.61 , 260.70 , 264.23 , 270.49
230.06 , 259.59 , 260.08 , 270.24
231.87 , 260.22 , 266.45 , 271.90
236.58 , 261.38 , 266.98 , 271.33
231.87 , 260.22 , 266.45 , 271.90
229.12 , 260.43 , 262.88 , 271.08
231.87 , 260.22 , 266.45 , 271.90
230.04 , 257.79 , 267.05 , 270.09
230.04 , 257.79 , 267.05 , 270.09
231.26 , 261.22 , 269.22 , 272.62
230.04 , 257.79 , 267.05 , 270.09
230.04 , 257.79 , 267.05 , 270.09
228.50 , 255.52 , 267.57 , 268.27
229.72 , 258.96 , 269.74 , 270.77
229.72 , 258.96 , 269.74 , 270.77
229.72 , 258.96 , 269.74 , 270.77
228.50 , 255.52 , 267.57 , 268.27
223.40 , 254.44 , 267.08 , 268.87
223.40 , 254.44 , 267.08 , 268.87
223.40 , 254.44 , 267.08 , 268.87
223.40 , 254.44 , 267.08 , 268.87
226.08 , 254.19 , 270.68 , 269.61
223.40 , 254.44 , 267.08 , 268.87
226.08 , 254.19 , 270.68 , 269.61
226.08 , 254.19 , 270.68 , 269.61
223.40 , 254.44 , 267.08 , 268.87
224.65 , 250.84 , 268.62 , 267.09
223.40 , 254.44 , 267.08 , 268.87
226.08 , 254.19 , 270.68 , 269.61
223.40 , 254.44 , 267.08 , 268.87
223.40 , 254.44 , 267.08 , 268.87
223.40 , 254.44 , 267.08 , 268.87
223.40 , 254.44 , 267.08 , 268.87
223.40 , 254.44 , 267.08 , 268.87
223.40 , 254.44 , 267.08 , 268.87
223.40 , 254.44 , 267.08 , 268.87
222.25 , 252.43 , 267.53 , 267.06
223.53 , 255.85 , 269.70 , 269.51
222.25 , 252.43 , 267.53 , 267.06
222.25 , 252.43 , 267.53 , 267.06
222.25 , 252.43 , 267.53 , 267.06
222.25 , 252.43 , 267.53 , 267.06
222.25 , 252.43 , 267.53 , 267.06
218.22 , 249.26 , 261.84 , 263.85
216.82 , 245.83 , 259.82 , 261.34
216.82 , 245.83 , 259.82 , 261.34
216.82 , 245.83 , 259.82 , 261.34
217.95 , 247.81 , 259.37 , 263.07
217.95 , 247.81 , 259.37 , 263.07
217.95 , 247.81 , 259.37 , 263.07
217.95 , 247.81 , 259.37 , 263.07
219.32 , 249.92 , 258.83 , 264.79
220.73 , 253.35 , 260.84 , 267.37
227.87 , 256.97 , 260.78 , 268.49
227.87 , 256.97 , 260.78 , 268.49
227.87 , 256.97 , 260.78 , 268.49
226.05 , 254.56 , 261.39 , 266.74
224.71 , 251.12 , 259.38 , 264.15
227.87 , 256.97 , 260.78 , 268.49
228.73 , 254.38 , 264.97 , 267.53
235.33 , 257.96 , 264.91 , 268.72
227.33 , 250.99 , 262.99 , 264.94
227.33 , 250.99 , 262.99 , 264.94
227.33 , 250.99 , 262.99 , 264.94
227.33 , 250.99 , 262.99 , 264.94
227.33 , 250.99 , 262.99 , 264.94
227.33 , 250.99 , 262.99 , 264.94
229.91 , 250.86 , 266.59 , 265.71
229.91 , 250.86 , 266.59 , 265.71
233.21 , 256.67 , 267.96 , 270.11
229.91 , 250.86 , 266.59 , 265.71
229.91 , 250.86 , 266.59 , 265.71
229.91 , 250.86 , 266.59 , 265.71
226.04 , 253.00 , 268.10 , 268.90
226.04 , 253.00 , 268.10 , 268.90
224.52 , 249.66 , 266.14 , 266.32
231.37 , 254.21 , 268.56 , 268.30
231.37 , 254.21 , 268.56 , 268.30
231.37 , 254.21 , 268.56 , 268.30
232.73 , 257.57 , 270.61 , 270.87
224.78 , 256.57 , 266.55 , 270.68
226.04 , 253.00 , 268.10 , 268.90
226.04 , 253.00 , 268.10 , 268.90
226.04 , 253.00 , 268.10 , 268.90
226.04 , 253.00 , 268.10 , 268.90
223.41 , 253.17 , 264.47 , 268.14
227.48 , 256.35 , 270.16 , 271.44
223.40 , 254.44 , 267.08 , 268.87
222.02 , 251.04 , 265.00 , 266.36
223.41 , 253.17 , 264.47 , 268.14
223.41 , 253.17 , 264.47 , 268.14
230.04 , 257.79 , 267.05 , 270.09
230.04 , 257.79 , 267.05 , 270.09
228.73 , 254.38 , 264.97 , 267.53
229.81 , 251.92 , 269.07 , 266.49
228.50 , 255.52 , 267.57 , 268.27
228.50 , 255.52 , 267.57 , 268.27
230.04 , 257.79 , 267.05 , 270.09
228.73 , 254.38 , 264.97 , 267.53
230.04 , 257.79 , 267.05 , 270.09
228.50 , 255.52 , 267.57 , 268.27
230.04 , 257.79 , 267.05 , 270.09
228.73 , 254.38 , 264.97 , 267.53
234.65 , 258.84 , 267.58 , 269.51
233.41 , 255.42 , 265.50 , 266.93
234.65 , 258.84 , 267.58 , 269.51
230.04 , 257.79 , 267.05 , 270.09
228.73 , 254.38 , 264.97 , 267.53
234.65 , 258.84 , 267.58 , 269.51
234.65 , 258.84 , 267.58 , 269.51
234.65 , 258.84 , 267.58 , 269.51
234.65 , 258.84 , 267.58 , 269.51
237.35 , 258.62 , 271.09 , 270.30
237.35 , 258.62 , 271.09 , 270.30
237.35 , 258.62 , 271.09 , 270.30
237.35 , 258.62 , 271.09 , 270.30
238.57 , 262.01 , 273.23 , 272.84
238.57 , 262.01 , 273.23 , 272.84
232.46 , 258.66 , 273.26 , 271.52
236.92 , 259.61 , 273.73 , 270.96
232.46 , 258.66 , 273.26 , 271.52
236.92 , 259.61 , 273.73 , 270.96
234.02 , 260.95 , 272.75 , 273.40
232.46 , 258.66 , 273.26 , 271.52
231.18 , 255.28 , 271.13 , 269.02
231.18 , 255.28 , 271.13 , 269.02
231.18 , 255.28 , 271.13 , 269.02
232.46 , 258.66 , 273.26 , 271.52
232.46 , 258.66 , 273.26 , 271.52
232.46 , 258.66 , 273.26 , 271.52
231.18 , 255.28 , 271.13 , 269.02
229.81 , 251.92 , 269.07 , 266.49
231.18 , 255.28 , 271.13 , 269.02
231.18 , 255.28 , 271.13 , 269.02
231.18 , 255.28 , 271.13 , 269.02
231.18 , 255.28 , 271.13 , 269.02
232.46 , 258.66 , 273.26 , 271.52
232.73 , 257.57 , 270.61 , 270.87
224.78 , 256.57 , 266.55 , 270.68
233.10 , 263.66 , 268.62 , 274.46
226.07 , 259.99 , 268.72 , 273.19
227.48 , 256.35 , 270.16 , 271.44
230.04 , 257.79 , 267.05 , 270.09
224.78 , 256.57 , 266.55 , 270.68
227.48 , 256.35 , 270.16 , 271.44
227.48 , 256.35 , 270.16 , 271.44
227.48 , 256.35 , 270.16 , 271.44
227.48 , 256.35 , 270.16 , 271.44
227.48 , 256.35 , 270.16 , 271.44
227.48 , 256.35 , 270.16 , 271.44
227.48 , 256.35 , 270.16 , 271.44
224.78 , 256.57 , 266.55 , 270.68
224.65 , 250.84 , 268.62 , 267.09
220.56 , 247.65 , 263.01 , 263.81
214.61 , 246.40 , 262.55 , 264.45
216.15 , 249.78 , 264.54 , 266.98
214.61 , 246.40 , 262.55 , 264.45
220.56 , 247.65 , 263.01 , 263.81
220.56 , 247.65 , 263.01 , 263.81
218.99 , 244.28 , 261.12 , 261.24
218.99 , 244.28 , 261.12 , 261.24
218.99 , 244.28 , 261.12 , 261.24
220.38 , 246.41 , 260.59 , 262.96
220.38 , 246.41 , 260.59 , 262.96
223.62 , 252.08 , 261.87 , 267.30
221.94 , 249.79 , 262.48 , 265.56
221.94 , 249.79 , 262.48 , 265.56
221.94 , 249.79 , 262.48 , 265.56
225.08 , 255.46 , 263.86 , 269.91
229.17 , 253.42 , 262.38 , 266.69
220.98 , 252.19 , 258.20 , 266.51
226.54 , 253.53 , 258.76 , 265.88
227.87 , 256.97 , 260.78 , 268.49
227.87 , 256.97 , 260.78 , 268.49
226.54 , 253.53 , 258.76 , 265.88
226.54 , 253.53 , 258.76 , 265.88
227.87 , 256.97 , 260.78 , 268.49
224.71 , 251.12 , 259.38 , 264.15
224.71 , 251.12 , 259.38 , 264.15
224.71 , 251.12 , 259.38 , 264.15
224.71 , 251.12 , 259.38 , 264.15
229.46 , 252.15 , 259.95 , 263.52
227.33 , 250.99 , 262.99 , 264.94
227.33 , 250.99 , 262.99 , 264.94
227.33 , 250.99 , 262.99 , 264.94
227.33 , 250.99 , 262.99 , 264.94
227.33 , 250.99 , 262.99 , 264.94
227.33 , 250.99 , 262.99 , 264.94
226.05 , 254.56 , 261.39 , 266.74
224.71 , 251.12 , 259.38 , 264.15
227.33 , 250.99 , 262.99 , 264.94
224.71 , 251.12 , 259.38 , 264.15
228.73 , 254.38 , 264.97 , 267.53
226.05 , 254.56 , 261.39 , 266.74
226.05 , 254.56 , 261.39 , 266.74
219.32 , 249.92 , 258.83 , 264.79
223.41 , 253.17 , 264.47 , 268.14
220.73 , 253.35 , 260.84 , 267.37
220.73 , 253.35 , 260.84 , 267.37
220.73 , 253.35 , 260.84 , 267.37
219.32 , 249.92 , 258.83 , 264.79
220.73 , 253.35 , 260.84 , 267.37
220.73 , 253.35 , 260.84 , 267.37
224.71 , 251.12 , 259.38 , 264.15
226.05 , 254.56 , 261.39 , 266.74
220.73 , 253.35 , 260.84 , 267.37
220.73 , 253.35 , 260.84 , 267.37
220.73 , 253.35 , 260.84 , 267.37
220.73 , 253.35 , 260.84 , 267.37
219.32 , 249.92 , 258.83 , 264.79
222.39 , 255.62 , 260.22 , 269.11
222.39 , 255.62 , 260.22 , 269.11
220.73 , 253.35 , 260.84 , 267.37
226.05 , 254.56 , 261.39 , 266.74
227.87 , 256.97 , 260.78 , 268.49
222.04 , 256.80 , 262.95 , 269.91
220.73 , 253.35 , 260.84 , 267.37
224.71 , 251.12 , 259.38 , 264.15
227.30 , 258.02 , 263.50 , 269.30
226.05 , 254.56 , 261.39 , 266.74
226.05 , 254.56 , 261.39 , 266.74
228.73 , 254.38 , 264.97 , 267.53
226.05 , 254.56 , 261.39 , 266.74
224.52 , 252.32 , 261.92 , 264.98
224.52 , 252.32 , 261.92 , 264.98
224.52 , 252.32 , 261.92 , 264.98
223.19 , 248.88 , 259.91 , 262.42
223.19 , 248.88 , 259.91 , 262.42
223.19 , 248.88 , 259.91 , 262.42
226.05 , 254.56 , 261.39 , 266.74
219.36 , 251.24 , 261.38 , 265.61
222.04 , 256.80 , 262.95 , 269.91
222.39 , 255.62 , 260.22 , 269.11
222.39 , 255.62 , 260.22 , 269.11
220.73 , 253.35 , 260.84 , 267.37
223.41 , 253.17 , 264.47 , 268.14
225.08 , 255.46 , 263.86 , 269.91
220.98 , 252.19 , 258.20 , 266.51
225.08 , 255.46 , 263.86 , 269.91
223.41 , 253.17 , 264.47 , 268.14
223.41 , 253.17 , 264.47 , 268.14
222.02 , 251.04 , 265.00 , 266.36
220.56 , 247.65 , 263.01 , 263.81
220.56 , 247.65 , 263.01 , 263.81
223.41 , 253.17 , 264.47 , 268.14
223.41 , 253.17 , 264.47 , 268.14
223.41 , 253.17 , 264.47 , 268.14
223.62 , 252.08 , 261.87 , 267.30
223.62 , 252.08 , 261.87 , 267.30
229.17 , 253.42 , 262.38 , 266.69
223.62 , 252.08 , 261.87 , 267.30
223.62 , 252.08 , 261.87 , 267.30
220.98 , 252.19 , 258.20 , 266.51
225.66 , 254.58 , 261.17 , 269.03
225.66 , 254.58 , 261.17 , 269.03
225.66 , 254.58 , 261.17 , 269.03
231.37 , 256.06 , 261.69 , 268.43
231.37 , 256.06 , 261.69 , 268.43
225.66 , 254.58 , 261.17 , 269.03
232.76 , 259.46 , 263.68 , 271.08
230.56 , 256.81 , 264.37 , 269.31
230.56 , 256.81 , 264.37 , 269.31
232.76 , 259.46 , 263.68 , 271.08
225.66 , 254.58 , 261.17 , 269.03
223.62 , 252.08 , 261.87 , 267.30
225.66 , 254.58 , 261.17 , 269.03
225.66 , 254.58 , 261.17 , 269.03
223.62 , 252.08 , 261.87 , 267.30
229.17 , 253.42 , 262.38 , 266.69
229.17 , 253.42 , 262.38 , 266.69
229.17 , 253.42 , 262.38 , 266.69
227.33 , 250.99 , 262.99 , 264.94
227.33 , 250.99 , 262.99 , 264.94
229.17 , 253.42 , 262.38 , 266.69
230.56 , 256.81 , 264.37 , 269.31
227.33 , 250.99 , 262.99 , 264.94
230.56 , 256.81 , 264.37 , 269.31
230.56 , 256.81 , 264.37 , 269.31
230.56 , 256.81 , 264.37 , 269.31
231.87 , 260.22 , 266.45 , 271.90
230.04 , 257.79 , 267.05 , 270.09
227.30 , 258.02 , 263.50 , 269.30
227.30 , 258.02 , 263.50 , 269.30
231.91 , 259.07 , 264.07 , 268.70
227.30 , 258.02 , 263.50 , 269.30
231.91 , 259.07 , 264.07 , 268.70
227.30 , 258.02 , 263.50 , 269.30
233.41 , 255.42 , 265.50 , 266.93
226.05 , 254.56 , 261.39 , 266.74
231.77 , 253.05 , 266.02 , 265.13
227.19 , 252.11 , 265.50 , 265.74
224.52 , 252.32 , 261.92 , 264.98
224.52 , 252.32 , 261.92 , 264.98
224.52 , 252.32 , 261.92 , 264.98
221.81 , 252.54 , 258.35 , 264.20
224.71 , 251.12 , 259.38 , 264.15
223.19 , 248.88 , 259.91 , 262.42
224.71 , 251.12 , 259.38 , 264.15
223.28 , 247.69 , 257.46 , 261.54
225.85 , 247.60 , 261.09 , 262.32
230.66 , 248.62 , 261.62 , 261.69
232.59 , 251.16 , 261.02 , 263.42
227.68 , 250.04 , 260.48 , 264.04
232.59 , 251.16 , 261.02 , 263.42
234.00 , 254.55 , 262.92 , 266.08
232.08 , 252.01 , 263.52 , 264.32
229.17 , 253.42 , 262.38 , 266.69
226.54 , 253.53 , 258.76 , 265.88
233.63 , 257.39 , 258.66 , 266.98
233.63 , 257.39 , 258.66 , 266.98
233.63 , 257.39 , 258.66 , 266.98
233.63 , 257.39 , 258.66 , 266.98
232.27 , 253.95 , 256.73 , 264.28
232.27 , 253.95 , 256.73 , 264.28
234.86 , 253.91 , 260.34 , 265.13
232.27 , 253.95 , 256.73 , 264.28
236.28 , 257.30 , 262.24 , 267.83
231.37 , 256.06 , 261.69 , 268.43
231.37 , 254.66 , 259.35 , 265.26
227.87 , 256.97 , 260.78 , 268.49
226.54 , 253.53 , 258.76 , 265.88
226.54 , 253.53 , 258.76 , 265.88
226.54 , 253.53 , 258.76 , 265.88
230.06 , 259.59 , 260.08 , 270.24
230.06 , 259.59 , 260.08 , 270.24
230.06 , 259.59 , 260.08 , 270.24
228.72 , 256.15 , 258.07 , 267.59
230.06 , 259.59 , 260.08 , 270.24
230.95 , 257.48 , 255.08 , 266.11
230.95 , 257.48 , 255.08 , 266.11
226.04 , 256.24 , 254.44 , 266.73
227.31 , 259.73 , 256.49 , 269.38
228.72 , 256.15 , 258.07 , 267.59
227.29 , 252.72 , 256.14 , 264.91
231.37 , 259.03 , 257.29 , 269.28
228.72 , 256.15 , 258.07 , 267.59
228.72 , 256.15 , 258.07 , 267.59
232.71 , 262.47 , 259.31 , 271.96
235.43 , 262.37 , 262.92 , 272.83
232.71 , 262.47 , 259.31 , 271.96
232.71 , 262.47 , 259.31 , 271.96
233.96 , 265.93 , 261.42 , 274.61
233.96 , 265.93 , 261.42 , 274.61
233.96 , 265.93 , 261.42 , 274.61
233.96 , 265.93 , 261.42 , 274.61
235.96 , 265.70 , 258.46 , 273.68
231.41 , 267.37 , 259.98 , 276.93
231.41 , 267.37 , 259.98 , 276.93
231.41 , 267.37 , 259.98 , 276.93
231.41 , 267.37 , 259.98 , 276.93
237.21 , 269.16 , 260.57 , 276.36
232.71 , 262.47 , 259.31 , 271.96
233.96 , 265.93 , 261.42 , 274.61
232.71 , 262.47 , 259.31 , 271.96
233.96 , 265.93 , 261.42 , 274.61
230.06 , 259.59 , 260.08 , 270.24
230.06 , 259.59 , 260.08 , 270.24
232.71 , 262.47 , 259.31 , 271.96
235.43 , 262.37 , 262.92 , 272.83
232.76 , 259.46 , 263.68 , 271.08
234.07 , 262.87 , 265.77 , 273.70
234.07 , 262.87 , 265.77 , 273.70
234.07 , 262.87 , 265.77 , 273.70
236.80 , 262.70 , 269.34 , 274.53
235.43 , 259.34 , 267.29 , 271.90
239.47 , 265.63 , 268.59 , 276.34
236.74 , 265.78 , 265.00 , 275.49
237.96 , 269.21 , 267.17 , 278.11
232.32 , 267.54 , 266.64 , 278.66
235.12 , 267.35 , 270.24 , 279.50
240.76 , 269.01 , 270.73 , 278.97
237.96 , 269.21 , 267.17 , 278.11
229.79 , 264.78 , 267.41 , 276.85
229.79 , 264.78 , 267.41 , 276.85
231.30 , 263.05 , 262.19 , 272.85
231.30 , 263.05 , 262.19 , 272.85
231.30 , 263.05 , 262.19 , 272.85
225.74 , 261.54 , 261.63 , 273.44
228.50 , 261.36 , 265.25 , 274.27
224.42 , 258.09 , 259.52 , 270.84
225.74 , 261.54 , 261.63 , 273.44
224.42 , 258.09 , 259.52 , 270.84
227.13 , 257.96 , 263.16 , 271.67
229.66 , 260.73 , 262.39 , 273.41
227.13 , 257.96 , 263.16 , 271.67
225.66 , 254.58 , 261.17 , 269.03
227.13 , 257.96 , 263.16 , 271.67
229.66 , 260.73 , 262.39 , 273.41
229.66 , 260.73 , 262.39 , 273.41
229.66 , 260.73 , 262.39 , 273.41
232.83 , 263.84 , 261.53 , 275.14
237.30 , 262.23 , 260.08 , 271.85
231.36 , 260.46 , 259.53 , 272.44
232.83 , 263.84 , 261.53 , 275.14
237.30 , 262.23 , 260.08 , 271.85
238.70 , 265.62 , 262.08 , 274.57
232.83 , 263.84 , 261.53 , 275.14
242.77 , 269.35 , 261.16 , 276.29
238.70 , 265.62 , 262.08 , 274.57
238.70 , 265.62 , 262.08 , 274.57
240.00 , 269.03 , 264.16 , 277.26
237.96 , 269.21 , 267.17 , 278.11
241.23 , 272.47 , 266.33 , 279.91
241.23 , 272.47 , 266.33 , 279.91
241.23 , 272.47 , 266.33 , 279.91
237.96 , 269.21 , 267.17 , 278.11
236.74 , 265.78 , 265.00 , 275.49
236.74 , 265.78 , 265.00 , 275.49
241.57 , 263.96 , 269.84 , 273.98
241.57 , 263.96 , 269.84 , 273.98
241.57 , 263.96 , 269.84 , 273.98
241.57 , 263.96 , 269.84 , 273.98
236.80 , 262.70 , 269.34 , 274.53
236.80 , 262.70 , 269.34 , 274.53
236.80 , 262.70 , 269.34 , 274.53
236.80 , 262.70 , 269.34 , 274.53
234.58 , 260.03 , 270.02 , 272.70
237.25 , 259.85 , 273.59 , 273.49
237.25 , 259.85 , 273.59 , 273.49
236.80 , 262.70 , 269.34 , 274.53
234.58 , 260.03 , 270.02 , 272.70
239.48 , 262.54 , 272.93 , 275.34
236.80 , 262.70 , 269.34 , 274.53
236.80 , 262.70 , 269.34 , 274.53
236.80 , 262.70 , 269.34 , 274.53
238.08 , 266.08 , 271.48 , 277.12
235.30 , 266.30 , 267.93 , 276.29
235.30 , 266.30 , 267.93 , 276.29
234.07 , 262.87 , 265.77 , 273.70
231.23 , 261.19 , 268.87 , 275.09
231.23 , 261.19 , 268.87 , 275.09
229.79 , 257.84 , 266.81 , 272.48
229.79 , 257.84 , 266.81 , 272.48
235.43 , 259.34 , 267.29 , 271.90
229.79 , 257.84 , 266.81 , 272.48
229.79 , 257.84 , 266.81 , 272.48
229.79 , 257.84 , 266.81 , 272.48
229.17 , 258.67 , 269.55 , 273.27
227.73 , 255.32 , 267.50 , 270.69
230.56 , 256.81 , 264.37 , 269.31
233.21 , 256.67 , 267.96 , 270.11
230.56 , 256.81 , 264.37 , 269.31
233.21 , 256.67 , 267.96 , 270.11
233.21 , 256.67 , 267.96 , 270.11
230.56 , 256.81 , 264.37 , 269.31
232.76 , 259.46 , 263.68 , 271.08
233.97 , 255.99 , 265.32 , 269.25
232.76 , 259.46 , 263.68 , 271.08
230.56 , 256.81 , 264.37 , 269.31
231.76 , 253.32 , 266.00 , 267.49
231.76 , 253.32 , 266.00 , 267.49
227.73 , 255.32 , 267.50 , 270.69
232.76 , 259.46 , 263.68 , 271.08
235.43 , 259.34 , 267.29 , 271.90
232.76 , 259.46 , 263.68 , 271.08
234.07 , 262.87 , 265.77 , 273.70
234.07 , 262.87 , 265.77 , 273.70
234.07 , 262.87 , 265.77 , 273.70
232.76 , 259.46 , 263.68 , 271.08
232.76 , 259.46 , 263.68 , 271.08
234.07 , 262.87 , 265.77 , 273.70
236.80 , 262.70 , 269.34 , 274.53
239.47 , 265.63 , 268.59 , 276.34
239.47 , 265.63 , 268.59 , 276.34
242.80 , 267.35 , 271.98 , 276.59
240.76 , 269.01 , 270.73 , 278.97
235.30 , 266.30 , 267.93 , 276.29
235.30 , 266.30 , 267.93 , 276.29
235.30 , 266.30 , 267.93 , 276.29
231.87 , 260.22 , 266.45 , 271.90
234.07 , 262.87 , 265.77 , 273.70
234.07 , 262.87 , 265.77 , 273.70
234.07 , 262.87 , 265.77 , 273.70
235.30 , 266.30 , 267.93 , 276.29
231.87 , 260.22 , 266.45 , 271.90
234.07 , 262.87 , 265.77 , 273.70
234.07 , 262.87 , 265.77 , 273.70
231.87 , 260.22 , 266.45 , 271.90
231.87 , 260.22 , 266.45 , 271.90
231.87 , 260.22 , 266.45 , 271.90
233.10 , 263.66 , 268.62 , 274.46
226.46 , 258.86 , 265.94 , 272.48
226.46 , 258.86 , 265.94 , 272.48
227.74 , 262.28 , 268.11 , 275.03
231.87 , 260.22 , 266.45 , 271.90
227.74 , 262.28 , 268.11 , 275.03
231.87 , 260.22 , 266.45 , 271.90
231.87 , 260.22 , 266.45 , 271.90
233.10 , 263.66 , 268.62 , 274.46
234.07 , 262.87 , 265.77 , 273.70
229.79 , 264.78 , 267.41 , 276.85
226.46 , 258.86 , 265.94 , 272.48
226.46 , 258.86 , 265.94 , 272.48
230.56 , 256.81 , 264.37 , 269.31
225.08 , 255.46 , 263.86 , 269.91
230.56 , 256.81 , 264.37 , 269.31
233.21 , 256.67 , 267.96 , 270.11
233.21 , 256.67 , 267.96 , 270.11
231.37 , 254.21 , 268.56 , 268.30
231.37 , 254.21 , 268.56 , 268.30
231.37 , 254.21 , 268.56 , 268.30
228.73 , 254.38 , 264.97 , 267.53
228.73 , 254.38 , 264.97 , 267.53
223.41 , 253.17 , 264.47 , 268.14
225.08 , 255.46 , 263.86 , 269.91
225.08 , 255.46 , 263.86 , 269.91
225.08 , 255.46 , 263.86 , 269.91
225.08 , 255.46 , 263.86 , 269.91
227.73 , 255.32 , 267.50 , 270.69
226.46 , 258.86 , 265.94 , 272.48
226.46 , 258.86 , 265.94 , 272.48
228.50 , 261.36 , 265.25 , 274.27
228.50 , 261.36 , 265.25 , 274.27
220.43 , 263.18 , 263.29 , 276.59
229.79 , 264.78 , 267.41 , 276.85
223.70 , 259.07 , 262.33 , 271.68
225.08 , 255.46 , 263.86 , 269.91
225.08 , 255.46 , 263.86 , 269.91
222.39 , 255.62 , 260.22 , 269.11
220.73 , 253.35 , 260.84 , 267.37
219.32 , 249.92 , 258.83 , 264.79
220.73 , 253.35 , 260.84 , 267.37
220.73 , 253.35 , 260.84 , 267.37
220.73 , 253.35 , 260.84 , 267.37
219.32 , 249.92 , 258.83 , 264.79
219.32 , 249.92 , 258.83 , 264.79
215.31 , 247.98 , 255.72 , 262.31
220.73 , 253.35 , 260.84 , 267.37
216.66 , 250.07 , 255.17 , 264.01
224.71 , 251.12 , 259.38 , 264.15
224.71 , 251.12 , 259.38 , 264.15
224.71 , 251.12 , 259.38 , 264.15
223.28 , 247.69 , 257.46 , 261.54
225.11 , 250.10 , 256.84 , 263.23
219.48 , 248.77 , 256.28 , 263.88
226.10 , 246.65 , 258.68 , 261.37
227.68 , 250.04 , 260.48 , 264.04
227.68 , 250.04 , 260.48 , 264.04
222.44 , 247.83 , 257.46 , 263.69
228.30 , 249.30 , 257.98 , 263.05
229.88 , 252.68 , 259.79 , 265.75
224.10 , 251.20 , 259.27 , 266.37
232.43 , 252.65 , 263.43 , 266.57
229.88 , 252.68 , 259.79 , 265.75
227.29 , 252.72 , 256.14 , 264.91
231.37 , 256.06 , 261.69 , 268.43
238.99 , 260.31 , 261.48 , 269.56
240.32 , 263.71 , 263.48 , 272.26
238.99 , 260.31 , 261.48 , 269.56
232.54 , 255.59 , 259.02 , 267.44
237.42 , 253.88 , 263.94 , 265.97
234.86 , 253.91 , 260.34 , 265.13
235.33 , 257.96 , 264.91 , 268.72
235.33 , 257.96 , 264.91 , 268.72
235.33 , 257.96 , 264.91 , 268.72
235.33 , 257.96 , 264.91 , 268.72
235.33 , 257.96 , 264.91 , 268.72
235.33 , 257.96 , 264.91 , 268.72
234.00 , 254.55 , 262.92 , 266.08
230.56 , 256.81 , 264.37 , 269.31
231.37 , 256.06 , 261.69 , 268.43
227.73 , 255.32 , 267.50 , 270.69
233.21 , 256.67 , 267.96 , 270.11
227.13 , 257.96 , 263.16 , 271.67
227.13 , 257.96 , 263.16 , 271.67
228.50 , 261.36 , 265.25 , 274.27
223.14 , 256.02 , 266.35 , 273.06
224.64 , 259.36 , 268.41 , 275.65
220.47 , 256.15 , 262.66 , 272.27
227.13 , 257.96 , 263.16 , 271.67
225.08 , 255.46 , 263.86 , 269.91
232.76 , 259.46 , 263.68 , 271.08
230.56 , 256.81 , 264.37 , 269.31
225.08 , 255.46 , 263.86 , 269.91
225.08 , 255.46 , 263.86 , 269.91
228.73 , 254.38 , 264.97 , 267.53
228.73 , 254.38 , 264.97 , 267.53
230.04 , 257.79 , 267.05 , 270.09
224.78 , 256.57 , 266.55 , 270.68
228.73 , 254.38 , 264.97 , 267.53
227.30 , 258.02 , 263.50 , 269.30
227.30 , 258.02 , 263.50 , 269.30
230.04 , 257.79 , 267.05 , 270.09
230.04 , 257.79 , 267.05 , 270.09
231.26 , 261.22 , 269.22 , 272.62
234.02 , 260.95 , 272.75 , 273.40
232.73 , 257.57 , 270.61 , 270.87
232.73 , 257.57 , 270.61 , 270.87
230.04 , 257.79 , 267.05 , 270.09
232.73 , 257.57 , 270.61 , 270.87
231.87 , 260.22 , 266.45 , 271.90
231.87 , 260.22 , 266.45 , 271.90
231.87 , 260.22 , 266.45 , 271.90
231.87 , 260.22 , 266.45 , 271.90
230.28 , 263.92 , 265.08 , 273.64
230.28 , 263.92 , 265.08 , 273.64
234.92 , 265.08 , 265.65 , 273.06
233.01 , 262.57 , 266.25 , 271.24
234.03 , 266.10 , 268.52 , 273.74
228.46 , 261.51 , 265.69 , 271.82
228.46 , 261.51 , 265.69 , 271.82
233.01 , 262.57 , 266.25 , 271.24
231.91 , 259.07 , 264.07 , 268.70
227.30 , 258.02 , 263.50 , 269.30
227.30 , 258.02 , 263.50 , 269.30
226.05 , 254.56 , 261.39 , 266.74
224.51 , 258.27 , 259.94 , 268.49
224.51 , 258.27 , 259.94 , 268.49
224.51 , 258.27 , 259.94 , 268.49
224.51 , 258.27 , 259.94 , 268.49
223.33 , 254.76 , 257.81 , 265.94
223.33 , 254.76 , 257.81 , 265.94
223.33 , 254.76 , 257.81 , 265.94
223.33 , 254.76 , 257.81 , 265.94
223.86 , 253.65 , 255.14 , 265.05
223.86 , 253.65 , 255.14 , 265.05
223.86 , 253.65 , 255.14 , 265.05
225.14 , 257.14 , 257.19 , 267.66
227.87 , 256.97 , 260.78 , 268.49
227.87 , 256.97 , 260.78 , 268.49
229.17 , 253.42 , 262.38 , 266.69
232.76 , 259.46 , 263.68 , 271.08
232.76 , 259.46 , 263.68 , 271.08
231.37 , 256.06 , 261.69 , 268.43
234.03 , 258.97 , 260.92 , 270.15
231.37 , 256.06 , 261.69 , 268.43
231.37 , 256.06 , 261.69 , 268.43
234.03 , 258.97 , 260.92 , 270.15
236.65 , 258.92 , 264.56 , 271.00
236.65 , 258.92 , 264.56 , 271.00
236.65 , 258.92 , 264.56 , 271.00
229.66 , 260.73 , 262.39 , 273.41
232.76 , 259.46 , 263.68 , 271.08
227.13 , 257.96 , 263.16 , 271.67
231.37 , 256.06 , 261.69 , 268.43
232.76 , 259.46 , 263.68 , 271.08
232.76 , 259.46 , 263.68 , 271.08
236.28 , 257.30 , 262.24 , 267.83
231.37 , 256.06 , 261.69 , 268.43
231.37 , 256.06 , 261.69 , 268.43
232.76 , 259.46 , 263.68 , 271.08
229.88 , 252.68 , 259.79 , 265.75
228.30 , 249.30 , 257.98 , 263.05
227.68 , 250.04 , 260.48 , 264.04
227.68 , 250.04 , 260.48 , 264.04
229.17 , 253.42 , 262.38 , 266.69
229.17 , 253.42 , 262.38 , 266.69
227.33 , 250.99 , 262.99 , 264.94
225.85 , 247.60 , 261.09 , 262.32
227.33 , 250.99 , 262.99 , 264.94
227.33 , 250.99 , 262.99 , 264.94
227.33 , 250.99 , 262.99 , 264.94
230.56 , 256.81 , 264.37 , 269.31
229.17 , 253.42 , 262.38 , 266.69
231.76 , 253.32 , 266.00 , 267.49
227.68 , 250.04 , 260.48 , 264.04
230.22 , 249.98 , 264.12 , 264.84
229.17 , 253.42 , 262.38 , 266.69
228.72 , 256.15 , 258.07 , 267.59
230.56 , 256.81 , 264.37 , 269.31
230.56 , 256.81 , 264.37 , 269.31
230.56 , 256.81 , 264.37 , 269.31
230.56 , 256.81 , 264.37 , 269.31
230.56 , 256.81 , 264.37 , 269.31
230.56 , 256.81 , 264.37 , 269.31
230.56 , 256.81 , 264.37 , 269.31
229.17 , 253.42 , 262.38 , 266.69
229.17 , 253.42 , 262.38 , 266.69
229.17 , 253.42 , 262.38 , 266.69
228.73 , 254.38 , 264.97 , 267.53
230.56 , 256.81 , 264.37 , 269.31
