377.46 , 160.85 , 377.52 , 160.25
378.90 , 160.72 , 378.96 , 159.85
377.36 , 155.91 , 376.96 , 155.51
377.20 , 155.93 , 376.77 , 155.04
376.91 , 148.55 , 376.13 , 147.84
376.85 , 146.90 , 376.33 , 146.19
375.52 , 146.92 , 375.04 , 146.45
375.52 , 146.92 , 375.04 , 146.45
375.37 , 142.71 , 375.51 , 142.37
375.28 , 140.19 , 375.65 , 139.95
375.25 , 139.43 , 375.17 , 139.14
375.25 , 139.43 , 375.17 , 139.14
375.16 , 136.91 , 375.30 , 136.71
376.64 , 141.94 , 376.32 , 141.35
376.46 , 137.83 , 375.41 , 137.37
378.07 , 144.42 , 377.56 , 143.51
376.85 , 146.90 , 376.33 , 146.19
377.10 , 152.66 , 376.75 , 151.81
377.00 , 150.19 , 376.68 , 149.40
377.00 , 150.19 , 376.68 , 149.40
377.25 , 155.95 , 377.03 , 155.01
377.25 , 155.95 , 377.03 , 155.01
375.49 , 145.99 , 375.80 , 145.60
375.61 , 149.27 , 376.02 , 148.83
375.61 , 149.27 , 376.02 , 148.83
375.39 , 143.47 , 375.94 , 143.19
375.49 , 145.99 , 375.80 , 145.60
375.58 , 148.49 , 375.70 , 148.01
375.70 , 151.77 , 375.91 , 151.23
375.49 , 145.99 , 375.80 , 145.60
375.49 , 145.99 , 375.80 , 145.60
373.64 , 140.86 , 374.42 , 140.50
375.20 , 138.39 , 376.37 , 138.40
374.16 , 145.95 , 374.52 , 145.77
374.15 , 145.20 , 374.14 , 144.99
375.46 , 145.21 , 375.42 , 144.79
375.37 , 142.71 , 375.51 , 142.37
375.46 , 145.21 , 375.42 , 144.79
375.64 , 150.20 , 375.37 , 149.65
374.19 , 153.48 , 374.03 , 152.67
375.64 , 150.20 , 375.37 , 149.65
374.30 , 155.98 , 374.09 , 155.11
375.76 , 153.48 , 375.63 , 152.86
373.87 , 145.94 , 374.13 , 145.35
375.18 , 137.66 , 375.83 , 137.53
373.37 , 135.03 , 374.31 , 134.82
373.37 , 135.03 , 374.31 , 134.82
373.37 , 135.03 , 374.31 , 134.82
373.27 , 133.12 , 375.21 , 133.31
373.67 , 141.56 , 374.91 , 141.35
373.67 , 141.56 , 374.91 , 141.35
375.20 , 138.39 , 376.37 , 138.40
375.10 , 135.83 , 376.66 , 136.02
375.22 , 139.11 , 376.91 , 139.30
373.64 , 140.86 , 374.42 , 140.50
373.79 , 144.12 , 374.69 , 143.74
372.47 , 144.06 , 373.44 , 143.88
372.66 , 149.16 , 373.08 , 148.75
372.66 , 149.16 , 373.08 , 148.75
372.88 , 154.95 , 373.13 , 154.40
372.96 , 157.47 , 373.06 , 156.85
373.05 , 159.99 , 373.04 , 159.30
372.96 , 157.47 , 373.06 , 156.85
372.93 , 156.73 , 372.90 , 156.10
372.93 , 156.73 , 372.90 , 156.10
374.45 , 159.24 , 374.31 , 158.31
374.45 , 159.24 , 374.31 , 158.31
374.30 , 155.98 , 374.09 , 155.11
374.45 , 159.24 , 374.31 , 158.31
374.71 , 165.00 , 374.57 , 163.95
374.50 , 160.01 , 374.43 , 159.07
376.13 , 163.32 , 376.07 , 162.48
375.95 , 158.34 , 376.17 , 157.67
375.91 , 157.55 , 376.00 , 156.86
374.42 , 155.01 , 374.72 , 154.64
374.25 , 149.22 , 374.71 , 149.00
374.48 , 157.51 , 374.63 , 157.06
375.83 , 155.05 , 376.07 , 154.45
374.51 , 158.28 , 374.79 , 157.85
374.65 , 163.29 , 374.64 , 162.70
374.77 , 168.27 , 374.67 , 167.57
374.77 , 168.27 , 374.67 , 167.57
374.79 , 169.98 , 374.85 , 169.24
376.58 , 176.53 , 376.40 , 175.35
374.99 , 176.53 , 374.86 , 175.64
374.96 , 170.76 , 374.79 , 169.58
375.48 , 182.30 , 375.16 , 180.86
376.79 , 182.30 , 376.51 , 180.98
375.04 , 179.02 , 375.03 , 178.08
376.74 , 183.15 , 377.45 , 181.78
376.87 , 186.45 , 377.42 , 185.01
376.67 , 180.67 , 377.12 , 179.38
376.67 , 180.67 , 377.12 , 179.38
376.60 , 178.19 , 376.84 , 176.98
376.60 , 178.19 , 376.84 , 176.98
376.73 , 181.48 , 376.82 , 180.19
376.52 , 175.71 , 376.59 , 174.56
376.58 , 176.53 , 376.40 , 175.35
376.34 , 169.10 , 376.10 , 168.09
374.84 , 169.85 , 374.58 , 169.08
374.57 , 159.80 , 375.12 , 159.45
374.57 , 159.80 , 375.12 , 159.45
374.74 , 165.62 , 374.82 , 165.02
374.74 , 165.62 , 374.82 , 165.02
374.85 , 168.92 , 374.66 , 168.18
374.77 , 166.40 , 374.88 , 165.80
374.92 , 171.44 , 374.49 , 170.58
374.78 , 167.35 , 374.65 , 166.66
374.84 , 169.85 , 374.58 , 169.08
374.78 , 167.35 , 374.65 , 166.66
374.61 , 161.55 , 374.81 , 161.05
374.61 , 161.55 , 374.81 , 161.05
375.95 , 158.34 , 376.17 , 157.67
375.86 , 155.83 , 376.30 , 155.27
375.64 , 150.03 , 376.35 , 149.66
375.73 , 152.55 , 376.19 , 152.05
375.61 , 149.27 , 376.02 , 148.83
375.70 , 151.77 , 375.91 , 151.23
375.70 , 151.77 , 375.91 , 151.23
375.91 , 157.55 , 376.00 , 156.86
375.88 , 156.76 , 375.84 , 156.07
376.08 , 162.52 , 376.00 , 161.69
377.54 , 161.71 , 377.47 , 161.09
377.48 , 159.24 , 377.42 , 158.69
377.32 , 153.48 , 377.23 , 153.08
378.63 , 151.02 , 378.59 , 150.44
377.41 , 156.77 , 377.41 , 156.29
377.51 , 161.71 , 377.35 , 160.62
376.08 , 162.52 , 376.00 , 161.69
375.83 , 155.05 , 376.07 , 154.45
375.52 , 146.75 , 376.18 , 146.43
375.61 , 149.27 , 376.02 , 148.83
376.98 , 149.31 , 377.32 , 148.63
377.46 , 160.06 , 377.37 , 159.03
377.41 , 159.24 , 377.25 , 158.22
377.41 , 159.24 , 377.25 , 158.22
377.30 , 156.77 , 377.20 , 155.82
377.30 , 156.77 , 377.20 , 155.82
377.30 , 156.77 , 377.20 , 155.82
377.46 , 160.06 , 377.37 , 159.03
377.20 , 154.29 , 377.20 , 153.42
377.35 , 157.59 , 377.38 , 156.63
377.20 , 154.29 , 377.20 , 153.42
376.04 , 160.83 , 376.10 , 160.07
376.04 , 160.83 , 376.10 , 160.07
376.48 , 172.40 , 376.06 , 171.28
374.91 , 172.34 , 374.56 , 171.51
376.21 , 167.42 , 376.13 , 166.91
374.78 , 167.35 , 374.65 , 166.66
374.88 , 170.64 , 374.53 , 169.83
374.67 , 163.09 , 375.03 , 162.64
374.81 , 168.13 , 374.65 , 167.42
374.78 , 167.35 , 374.65 , 166.66
376.56 , 174.88 , 376.10 , 173.70
376.56 , 174.88 , 376.10 , 173.70
376.26 , 166.62 , 376.09 , 165.68
375.90 , 156.61 , 376.52 , 156.11
374.47 , 156.51 , 375.15 , 156.25
376.08 , 161.63 , 376.21 , 160.87
375.86 , 155.83 , 376.30 , 155.27
376.08 , 161.63 , 376.21 , 160.87
376.08 , 161.63 , 376.21 , 160.87
376.04 , 160.83 , 376.10 , 160.07
375.86 , 155.83 , 376.30 , 155.27
375.86 , 155.83 , 376.30 , 155.27
375.83 , 155.05 , 376.07 , 154.45
376.13 , 163.32 , 376.07 , 162.48
376.13 , 163.32 , 376.07 , 162.48
376.13 , 163.32 , 376.07 , 162.48
374.54 , 159.04 , 374.96 , 158.64
376.31 , 167.43 , 376.10 , 166.46
374.68 , 164.06 , 374.70 , 163.47
376.26 , 166.62 , 376.09 , 165.68
374.81 , 169.06 , 374.63 , 168.32
374.91 , 172.34 , 374.56 , 171.51
376.39 , 169.92 , 376.05 , 168.87
376.13 , 162.42 , 376.33 , 161.68
376.13 , 162.42 , 376.33 , 161.68
376.08 , 161.63 , 376.21 , 160.87
376.08 , 161.63 , 376.21 , 160.87
374.61 , 161.55 , 374.81 , 161.05
377.67 , 165.02 , 377.71 , 164.34
376.07 , 160.69 , 376.68 , 160.15
374.44 , 155.43 , 375.94 , 155.60
374.41 , 154.71 , 375.67 , 154.72
374.49 , 157.26 , 375.37 , 157.08
374.47 , 156.51 , 375.15 , 156.25
374.64 , 162.32 , 374.92 , 161.84
374.74 , 165.62 , 374.82 , 165.02
374.81 , 168.13 , 374.65 , 167.42
376.24 , 168.23 , 376.13 , 167.70
376.16 , 164.93 , 376.27 , 164.52
376.21 , 167.42 , 376.13 , 166.91
376.11 , 162.43 , 376.45 , 162.13
374.68 , 165.62 , 374.87 , 165.44
376.31 , 171.55 , 375.94 , 170.87
374.74 , 170.63 , 374.50 , 170.26
374.75 , 171.42 , 374.45 , 171.01
374.83 , 177.23 , 373.99 , 176.57
373.52 , 179.64 , 372.49 , 178.74
374.90 , 184.71 , 373.74 , 183.89
374.87 , 182.22 , 373.77 , 181.44
374.87 , 182.22 , 373.77 , 181.44
374.90 , 184.71 , 373.74 , 183.89
374.80 , 174.73 , 374.17 , 174.16
374.83 , 177.23 , 373.99 , 176.57
376.53 , 182.33 , 375.35 , 181.25
376.34 , 172.38 , 375.89 , 171.64
376.21 , 166.54 , 376.38 , 166.13
376.21 , 166.54 , 376.38 , 166.13
377.74 , 166.68 , 377.83 , 166.00
376.19 , 165.73 , 376.32 , 165.32
376.19 , 165.73 , 376.32 , 165.32
376.16 , 164.93 , 376.27 , 164.52
376.14 , 164.13 , 376.21 , 163.72
376.26 , 169.91 , 376.04 , 169.32
376.26 , 169.91 , 376.04 , 169.32
376.46 , 180.65 , 375.88 , 179.77
375.03 , 177.32 , 374.66 , 176.40
375.13 , 180.62 , 374.52 , 179.58
375.07 , 178.13 , 374.45 , 177.13
376.34 , 174.87 , 376.00 , 174.15
376.46 , 180.65 , 375.88 , 179.77
376.53 , 183.96 , 375.65 , 182.95
376.46 , 180.65 , 375.88 , 179.77
376.49 , 183.12 , 375.96 , 182.20
378.26 , 188.09 , 377.91 , 186.75
376.53 , 185.60 , 376.09 , 184.64
378.15 , 183.16 , 377.56 , 181.92
376.56 , 188.09 , 376.27 , 187.07
376.53 , 185.60 , 376.09 , 184.64
378.10 , 182.30 , 377.87 , 181.13
378.15 , 184.77 , 378.07 , 183.53
376.86 , 184.78 , 376.74 , 183.41
375.15 , 184.01 , 375.50 , 182.95
378.05 , 181.46 , 378.18 , 180.31
377.90 , 175.69 , 378.00 , 174.70
376.34 , 169.10 , 376.10 , 168.09
376.26 , 166.62 , 376.09 , 165.68
377.81 , 169.98 , 377.53 , 169.11
376.23 , 169.09 , 376.09 , 168.54
376.34 , 169.10 , 376.10 , 168.09
376.21 , 165.81 , 376.08 , 164.89
376.13 , 163.32 , 376.07 , 162.48
375.86 , 155.83 , 376.30 , 155.27
377.60 , 163.36 , 377.59 , 162.71
377.70 , 166.67 , 377.59 , 165.91
377.60 , 163.36 , 377.59 , 162.71
376.13 , 163.32 , 376.07 , 162.48
376.29 , 168.29 , 376.14 , 167.31
376.42 , 171.58 , 376.15 , 170.51
374.93 , 174.04 , 374.74 , 173.20
374.87 , 171.55 , 374.66 , 170.76
374.93 , 174.04 , 374.74 , 173.20
374.93 , 174.04 , 374.74 , 173.20
374.97 , 174.83 , 374.59 , 173.95
376.56 , 174.88 , 376.10 , 173.70
376.42 , 171.58 , 376.15 , 170.51
375.03 , 177.32 , 374.66 , 176.40
377.93 , 174.91 , 377.53 , 173.90
377.93 , 174.91 , 377.53 , 173.90
377.93 , 174.91 , 377.53 , 173.90
377.87 , 172.45 , 377.50 , 171.50
377.77 , 169.14 , 377.57 , 168.31
377.77 , 169.14 , 377.57 , 168.31
377.77 , 169.14 , 377.57 , 168.31
377.54 , 160.89 , 377.64 , 160.32
377.44 , 157.59 , 377.58 , 157.11
376.16 , 165.81 , 376.12 , 165.34
376.12 , 163.32 , 376.15 , 162.93
376.01 , 157.55 , 376.19 , 157.31
376.06 , 160.04 , 376.12 , 159.72
376.08 , 160.84 , 376.23 , 160.52
376.08 , 160.84 , 376.23 , 160.52
375.96 , 155.06 , 376.30 , 154.90
375.91 , 152.56 , 376.46 , 152.50
374.42 , 155.01 , 374.72 , 154.64
374.32 , 151.74 , 374.58 , 151.42
374.42 , 155.01 , 374.72 , 154.64
374.48 , 157.51 , 374.63 , 157.06
373.01 , 154.22 , 373.14 , 154.04
373.15 , 162.50 , 373.15 , 162.15
374.64 , 162.51 , 374.66 , 162.35
374.59 , 157.52 , 374.79 , 157.49
374.59 , 157.52 , 374.79 , 157.49
373.07 , 157.48 , 373.24 , 157.24
373.01 , 154.22 , 373.14 , 154.04
374.46 , 156.75 , 374.46 , 156.29
374.39 , 154.24 , 374.50 , 153.86
374.39 , 154.24 , 374.50 , 153.86
374.48 , 157.51 , 374.63 , 157.06
374.55 , 160.01 , 374.58 , 159.50
374.61 , 162.51 , 374.58 , 161.93
376.14 , 165.00 , 376.12 , 164.55
377.48 , 159.24 , 377.42 , 158.69
377.35 , 154.30 , 377.45 , 153.89
377.41 , 156.77 , 377.41 , 156.29
377.26 , 151.00 , 377.26 , 150.67
375.94 , 153.48 , 375.87 , 153.31
376.08 , 161.72 , 376.04 , 161.35
377.45 , 158.41 , 377.30 , 157.88
375.98 , 155.96 , 375.86 , 155.73
375.92 , 152.67 , 375.65 , 152.53
375.98 , 155.96 , 375.86 , 155.73
377.32 , 153.48 , 377.23 , 153.08
377.48 , 159.24 , 377.42 , 158.69
377.21 , 149.32 , 377.66 , 149.11
377.21 , 149.32 , 377.66 , 149.11
377.28 , 151.82 , 377.53 , 151.50
377.35 , 154.30 , 377.45 , 153.89
377.37 , 155.11 , 377.67 , 154.72
377.35 , 154.30 , 377.45 , 153.89
377.51 , 160.07 , 377.53 , 159.50
377.35 , 154.30 , 377.45 , 153.89
377.35 , 154.30 , 377.45 , 153.89
377.32 , 153.48 , 377.23 , 153.08
377.45 , 158.41 , 377.30 , 157.88
377.45 , 158.41 , 377.30 , 157.88
377.45 , 158.41 , 377.30 , 157.88
376.10 , 163.39 , 376.11 , 162.98
376.06 , 160.91 , 375.98 , 160.57
376.17 , 168.35 , 376.50 , 167.79
376.22 , 171.63 , 376.61 , 170.99
376.22 , 171.63 , 376.61 , 170.99
376.29 , 174.91 , 376.66 , 174.21
376.25 , 172.43 , 376.46 , 171.80
376.29 , 174.91 , 376.66 , 174.21
376.29 , 174.91 , 376.66 , 174.21
376.25 , 172.43 , 376.46 , 171.80
376.35 , 178.20 , 376.65 , 177.42
376.27 , 171.57 , 376.10 , 170.96
377.83 , 171.60 , 377.60 , 170.71
377.77 , 169.14 , 377.57 , 168.31
377.89 , 174.06 , 377.68 , 173.11
376.45 , 182.30 , 376.27 , 181.43
378.15 , 184.77 , 378.07 , 183.53
378.00 , 178.99 , 377.97 , 177.91
378.00 , 178.99 , 377.97 , 177.91
378.10 , 183.93 , 378.43 , 182.70
378.05 , 181.46 , 378.18 , 180.31
378.00 , 180.63 , 378.48 , 179.48
378.09 , 185.59 , 379.14 , 184.22
378.13 , 188.08 , 379.54 , 186.57
378.09 , 185.59 , 379.14 , 184.22
378.04 , 183.10 , 378.79 , 181.85
379.62 , 180.57 , 380.07 , 179.10
379.56 , 179.72 , 380.37 , 178.22
378.15 , 178.96 , 379.29 , 177.27
378.08 , 178.15 , 379.59 , 176.37
378.15 , 178.96 , 379.29 , 177.27
378.06 , 176.49 , 378.88 , 174.92
377.70 , 166.63 , 377.68 , 165.42
377.15 , 153.48 , 376.97 , 152.61
377.15 , 153.48 , 376.97 , 152.61
378.56 , 153.48 , 378.31 , 152.33
377.04 , 151.00 , 376.96 , 150.20
376.93 , 148.52 , 376.99 , 147.80
377.04 , 151.00 , 376.96 , 150.20
376.74 , 144.28 , 377.64 , 143.88
376.71 , 143.51 , 377.20 , 143.01
376.59 , 140.99 , 377.37 , 140.62
376.67 , 142.73 , 376.76 , 142.17
376.82 , 146.02 , 377.07 , 145.40
376.67 , 142.73 , 376.76 , 142.17
376.67 , 142.73 , 376.76 , 142.17
376.78 , 145.23 , 376.69 , 144.57
376.93 , 148.52 , 376.99 , 147.80
377.46 , 160.06 , 377.37 , 159.03
377.41 , 159.24 , 377.25 , 158.22
377.30 , 156.77 , 377.20 , 155.82
378.84 , 156.78 , 378.79 , 156.04
378.84 , 156.78 , 378.79 , 156.04
377.51 , 161.71 , 377.35 , 160.62
377.45 , 160.88 , 377.28 , 159.82
377.45 , 160.88 , 377.28 , 159.82
377.04 , 151.00 , 376.96 , 150.20
376.93 , 148.52 , 376.99 , 147.80
377.04 , 151.00 , 376.96 , 150.20
375.88 , 156.76 , 375.84 , 156.07
376.86 , 146.80 , 377.46 , 146.25
376.71 , 143.51 , 377.20 , 143.01
376.82 , 146.02 , 377.07 , 145.40
376.93 , 148.52 , 376.99 , 147.80
375.58 , 148.49 , 375.70 , 148.01
375.70 , 151.77 , 375.91 , 151.23
375.39 , 143.47 , 375.94 , 143.19
375.49 , 145.99 , 375.80 , 145.60
375.88 , 156.76 , 375.84 , 156.07
375.67 , 150.99 , 375.64 , 150.43
375.55 , 147.71 , 375.37 , 147.22
375.67 , 150.99 , 375.64 , 150.43
375.92 , 158.44 , 375.75 , 157.71
375.92 , 158.44 , 375.75 , 157.71
377.54 , 161.71 , 377.47 , 161.09
374.58 , 161.73 , 374.52 , 161.17
376.20 , 166.67 , 376.22 , 165.74
376.12 , 164.19 , 376.06 , 163.32
376.12 , 164.19 , 376.06 , 163.32
376.04 , 161.72 , 375.94 , 160.91
376.08 , 162.52 , 376.00 , 161.69
375.88 , 156.76 , 375.84 , 156.07
376.25 , 167.48 , 376.18 , 166.53
376.04 , 161.72 , 375.94 , 160.91
376.12 , 164.19 , 376.06 , 163.32
376.12 , 164.19 , 376.06 , 163.32
376.27 , 169.14 , 376.44 , 168.15
376.27 , 169.14 , 376.44 , 168.15
376.27 , 169.14 , 376.44 , 168.15
376.49 , 176.59 , 377.33 , 175.32
376.30 , 170.82 , 376.83 , 169.73
376.35 , 171.62 , 376.69 , 170.55
376.27 , 169.14 , 376.44 , 168.15
377.86 , 169.92 , 377.82 , 168.62
377.80 , 169.09 , 377.91 , 167.81
379.30 , 171.49 , 379.64 , 170.29
377.55 , 163.34 , 377.48 , 162.21
377.70 , 166.63 , 377.68 , 165.42
376.35 , 171.62 , 376.69 , 170.55
376.12 , 164.19 , 376.06 , 163.32
379.08 , 164.14 , 379.01 , 163.18
377.80 , 169.09 , 377.91 , 167.81
377.55 , 163.34 , 377.48 , 162.21
377.70 , 166.63 , 377.68 , 165.42
377.55 , 163.34 , 377.48 , 162.21
377.73 , 168.26 , 378.00 , 166.98
376.42 , 174.10 , 376.99 , 172.94
376.40 , 172.43 , 376.55 , 171.36
376.32 , 169.95 , 376.34 , 168.94
377.76 , 167.46 , 377.64 , 166.23
377.76 , 167.46 , 377.64 , 166.23
377.70 , 166.63 , 377.68 , 165.42
377.80 , 169.09 , 377.91 , 167.81
377.70 , 166.63 , 377.68 , 165.42
377.98 , 174.02 , 378.51 , 172.56
377.73 , 168.26 , 378.00 , 166.98
378.39 , 184.74 , 379.84 , 182.85
378.31 , 183.94 , 380.24 , 181.92
376.93 , 190.66 , 378.71 , 188.89
378.63 , 190.53 , 380.36 , 188.44
376.93 , 190.66 , 378.71 , 188.89
378.71 , 193.04 , 380.89 , 190.76
376.87 , 188.15 , 378.25 , 186.53
378.31 , 182.25 , 379.40 , 180.51
378.39 , 186.44 , 380.78 , 184.21
378.23 , 181.44 , 379.75 , 179.60
378.31 , 182.25 , 379.40 , 180.51
379.75 , 178.84 , 380.85 , 176.83
378.23 , 181.44 , 379.75 , 179.60
378.23 , 181.44 , 379.75 , 179.60
378.31 , 183.94 , 380.24 , 181.92
378.39 , 186.44 , 380.78 , 184.21
378.62 , 192.25 , 381.44 , 189.77
378.70 , 194.79 , 382.06 , 192.04
379.13 , 208.40 , 384.92 , 204.26
379.00 , 203.20 , 383.41 , 199.86
377.16 , 200.85 , 380.98 , 198.15
370.12 , 204.39 , 374.57 , 202.31
370.11 , 210.32 , 375.02 , 207.99
371.90 , 204.15 , 376.35 , 201.88
370.10 , 203.86 , 375.34 , 201.26
370.12 , 201.15 , 374.69 , 198.98
370.14 , 198.47 , 374.08 , 196.67
371.90 , 204.15 , 376.35 , 201.88
373.57 , 189.10 , 374.49 , 188.15
373.54 , 186.57 , 374.17 , 185.71
373.54 , 186.57 , 374.17 , 185.71
373.58 , 187.32 , 373.76 , 186.49
373.61 , 189.84 , 374.03 , 188.94
373.61 , 189.84 , 374.03 , 188.94
373.64 , 192.37 , 374.35 , 191.39
375.42 , 199.17 , 377.97 , 197.32
375.46 , 201.75 , 378.53 , 199.66
375.56 , 205.03 , 378.38 , 202.99
375.63 , 205.75 , 377.61 , 203.94
375.63 , 205.75 , 377.61 , 203.94
375.40 , 193.09 , 375.51 , 191.84
375.59 , 203.19 , 377.11 , 201.54
376.64 , 199.84 , 378.49 , 198.27
376.69 , 207.55 , 380.09 , 205.30
378.38 , 201.49 , 381.46 , 199.15
377.37 , 204.87 , 380.14 , 202.51
378.27 , 193.89 , 379.90 , 192.19
378.13 , 188.08 , 379.54 , 186.57
378.17 , 190.59 , 379.98 , 188.91
378.21 , 193.11 , 380.46 , 191.24
378.00 , 180.63 , 378.48 , 179.48
377.84 , 173.22 , 377.83 , 172.30
377.95 , 178.15 , 378.22 , 177.09
379.56 , 178.11 , 379.78 , 176.73
379.56 , 178.11 , 379.78 , 176.73
378.00 , 180.63 , 378.48 , 179.48
377.90 , 177.33 , 378.48 , 176.25
379.43 , 174.80 , 379.74 , 173.51
377.81 , 174.03 , 378.41 , 173.03
377.80 , 169.09 , 377.91 , 167.81
377.61 , 164.17 , 377.49 , 163.02
376.54 , 177.38 , 377.09 , 176.16
376.67 , 180.67 , 377.12 , 179.38
378.21 , 178.14 , 378.38 , 176.62
378.63 , 188.86 , 379.42 , 187.00
376.74 , 183.15 , 377.45 , 181.78
378.04 , 174.84 , 378.32 , 173.40
377.90 , 177.33 , 378.48 , 176.25
376.47 , 174.90 , 376.79 , 173.76
376.60 , 178.19 , 376.84 , 176.98
376.54 , 177.38 , 377.09 , 176.16
378.00 , 180.63 , 378.48 , 179.48
376.68 , 182.36 , 377.81 , 180.92
378.22 , 179.78 , 378.99 , 178.15
377.95 , 179.81 , 378.79 , 178.62
377.95 , 179.81 , 378.79 , 178.62
377.90 , 179.00 , 379.10 , 177.74
377.99 , 182.29 , 379.15 , 180.97
376.54 , 177.38 , 377.09 , 176.16
378.00 , 180.63 , 378.48 , 179.48
376.32 , 175.72 , 376.46 , 175.01
376.31 , 174.05 , 376.15 , 173.38
376.38 , 177.34 , 376.05 , 176.58
376.35 , 176.53 , 376.25 , 175.80
377.94 , 176.53 , 377.80 , 175.51
376.35 , 176.53 , 376.25 , 175.80
376.35 , 176.53 , 376.25 , 175.80
376.25 , 170.76 , 376.20 , 170.18
376.25 , 170.76 , 376.20 , 170.18
376.28 , 173.24 , 376.31 , 172.60
376.28 , 173.24 , 376.31 , 172.60
376.35 , 176.53 , 376.25 , 175.80
376.49 , 184.78 , 376.46 , 183.86
378.05 , 179.84 , 377.71 , 178.72
378.10 , 180.70 , 377.45 , 179.50
378.10 , 180.70 , 377.45 , 179.50
378.04 , 178.23 , 377.39 , 177.09
379.83 , 183.19 , 379.14 , 181.61
379.53 , 174.96 , 379.05 , 173.63
379.75 , 180.74 , 379.01 , 179.21
379.75 , 180.74 , 379.01 , 179.21
378.05 , 179.84 , 377.71 , 178.72
379.90 , 187.21 , 379.95 , 185.56
379.76 , 183.88 , 380.04 , 182.33
379.55 , 176.53 , 379.34 , 175.20
379.69 , 181.43 , 379.76 , 179.96
378.14 , 186.41 , 378.73 , 185.09
378.00 , 180.63 , 378.48 , 179.48
378.09 , 185.59 , 379.14 , 184.22
377.95 , 179.81 , 378.79 , 178.62
377.95 , 179.81 , 378.79 , 178.62
377.76 , 171.56 , 378.13 , 170.66
377.95 , 179.81 , 378.79 , 178.62
377.95 , 179.81 , 378.79 , 178.62
379.49 , 177.25 , 380.04 , 175.87
378.00 , 180.63 , 378.48 , 179.48
377.90 , 175.69 , 378.00 , 174.70
376.52 , 175.71 , 376.59 , 174.56
377.95 , 178.15 , 378.22 , 177.09
376.67 , 180.67 , 377.12 , 179.38
376.47 , 174.90 , 376.79 , 173.76
376.68 , 182.36 , 377.81 , 180.92
378.07 , 187.29 , 380.00 , 185.64
376.87 , 188.15 , 378.25 , 186.53
378.09 , 185.59 , 379.14 , 184.22
377.95 , 178.15 , 378.22 , 177.09
377.80 , 172.39 , 377.98 , 171.48
377.80 , 172.39 , 377.98 , 171.48
377.76 , 171.56 , 378.13 , 170.66
377.76 , 171.56 , 378.13 , 170.66
377.76 , 171.56 , 378.13 , 170.66
377.80 , 172.39 , 377.98 , 171.48
377.76 , 171.56 , 378.13 , 170.66
379.30 , 171.49 , 379.64 , 170.29
379.30 , 171.49 , 379.64 , 170.29
379.23 , 169.04 , 379.39 , 167.93
379.23 , 169.04 , 379.39 , 167.93
377.89 , 171.55 , 378.19 , 170.19
379.31 , 173.10 , 380.14 , 171.77
377.85 , 176.51 , 378.73 , 175.39
377.90 , 179.00 , 379.10 , 177.74
379.68 , 184.66 , 381.18 , 182.88
379.74 , 187.15 , 381.65 , 185.19
378.31 , 182.25 , 379.40 , 180.51
378.22 , 179.78 , 378.99 , 178.15
378.13 , 177.31 , 378.63 , 175.78
379.49 , 177.25 , 380.04 , 175.87
378.13 , 177.31 , 378.63 , 175.78
378.06 , 176.49 , 378.88 , 174.92
379.30 , 171.49 , 379.64 , 170.29
379.30 , 171.49 , 379.64 , 170.29
379.03 , 163.29 , 379.00 , 162.35
377.30 , 157.59 , 377.02 , 156.62
380.27 , 157.49 , 379.97 , 156.44
379.11 , 165.74 , 379.22 , 164.72
379.03 , 163.29 , 378.90 , 161.86
378.06 , 176.49 , 378.88 , 174.92
377.98 , 174.02 , 378.51 , 172.56
377.98 , 174.02 , 378.51 , 172.56
377.99 , 175.67 , 379.13 , 174.04
378.23 , 181.44 , 379.75 , 179.60
378.39 , 186.44 , 380.78 , 184.21
379.67 , 186.34 , 382.10 , 184.20
379.64 , 188.08 , 383.17 , 185.40
378.46 , 190.75 , 382.54 , 187.67
378.38 , 188.20 , 381.87 , 185.45
378.54 , 191.49 , 381.99 , 188.74
378.54 , 191.49 , 381.99 , 188.74
378.05 , 189.05 , 381.00 , 186.96
376.68 , 184.10 , 378.63 , 182.37
378.31 , 183.94 , 380.24 , 181.92
376.68 , 184.10 , 378.63 , 182.37
376.80 , 189.16 , 379.72 , 186.98
376.86 , 191.71 , 380.32 , 189.25
376.92 , 192.44 , 379.77 , 190.27
377.05 , 195.72 , 379.76 , 193.56
378.55 , 189.74 , 380.87 , 187.48
377.05 , 195.72 , 379.76 , 193.56
378.71 , 193.04 , 380.89 , 190.76
376.80 , 187.38 , 378.70 , 185.63
376.54 , 177.38 , 377.09 , 176.16
378.13 , 177.31 , 378.63 , 175.78
379.49 , 178.88 , 380.68 , 177.32
379.62 , 182.18 , 380.75 , 180.56
378.38 , 183.08 , 379.04 , 181.38
379.69 , 183.03 , 380.40 , 181.46
379.76 , 183.88 , 380.04 , 182.33
379.88 , 188.81 , 380.73 , 187.06
379.94 , 191.29 , 381.13 , 189.40
378.55 , 186.38 , 379.04 , 184.62
379.82 , 186.34 , 380.36 , 184.70
379.96 , 189.67 , 380.26 , 187.94
380.16 , 195.48 , 380.45 , 193.56
380.14 , 197.10 , 381.47 , 195.02
379.76 , 183.88 , 380.04 , 182.33
379.61 , 177.41 , 379.14 , 176.02
379.55 , 176.53 , 379.34 , 175.20
378.02 , 173.22 , 377.90 , 171.83
379.49 , 175.66 , 379.54 , 174.36
379.62 , 180.57 , 380.07 , 179.10
379.62 , 180.57 , 380.07 , 179.10
379.75 , 185.49 , 380.77 , 183.80
379.69 , 183.03 , 380.40 , 181.46
378.55 , 188.04 , 379.88 , 186.10
378.38 , 183.08 , 379.04 , 181.38
376.87 , 188.15 , 378.25 , 186.53
376.74 , 183.15 , 377.45 , 181.78
376.87 , 188.15 , 378.25 , 186.53
376.74 , 183.15 , 377.45 , 181.78
376.80 , 183.96 , 377.10 , 182.60
376.80 , 183.96 , 377.10 , 182.60
378.11 , 175.68 , 378.12 , 174.23
378.11 , 175.68 , 378.12 , 174.23
378.38 , 183.08 , 379.04 , 181.38
378.46 , 183.92 , 378.69 , 182.23
378.29 , 180.61 , 378.69 , 179.01
378.22 , 179.78 , 378.99 , 178.15
378.13 , 177.31 , 378.63 , 175.78
378.13 , 177.31 , 378.63 , 175.78
377.95 , 172.38 , 378.05 , 171.02
379.43 , 174.80 , 379.74 , 173.51
379.56 , 178.11 , 379.78 , 176.73
377.67 , 165.00 , 377.51 , 163.83
377.61 , 164.17 , 377.49 , 163.02
379.34 , 170.76 , 379.20 , 169.60
377.92 , 170.76 , 377.73 , 169.43
378.26 , 177.38 , 377.72 , 175.84
376.80 , 183.96 , 377.10 , 182.60
376.86 , 184.78 , 376.74 , 183.41
376.93 , 187.26 , 377.01 , 185.83
376.73 , 181.48 , 376.82 , 180.19
376.60 , 178.19 , 376.84 , 176.98
376.80 , 185.65 , 377.83 , 184.16
376.68 , 182.36 , 377.81 , 180.92
376.80 , 185.65 , 377.83 , 184.16
377.12 , 196.48 , 379.15 , 194.52
376.99 , 193.19 , 379.21 , 191.24
377.05 , 195.72 , 379.76 , 193.56
378.17 , 190.59 , 379.98 , 188.91
379.74 , 187.15 , 381.65 , 185.19
378.39 , 184.74 , 379.84 , 182.85
377.99 , 182.29 , 379.15 , 180.97
377.95 , 179.81 , 378.79 , 178.62
379.43 , 174.80 , 379.74 , 173.51
379.43 , 174.80 , 379.74 , 173.51
379.43 , 174.80 , 379.74 , 173.51
379.49 , 175.66 , 379.54 , 174.36
381.25 , 178.96 , 381.08 , 177.22
381.43 , 183.84 , 381.63 , 181.93
381.25 , 178.96 , 381.08 , 177.22
381.34 , 181.40 , 381.33 , 179.58
381.17 , 178.07 , 381.33 , 176.35
381.09 , 175.63 , 381.07 , 174.00
379.55 , 176.53 , 379.34 , 175.20
381.24 , 177.44 , 380.67 , 175.70
380.97 , 171.66 , 380.59 , 170.13
379.49 , 175.66 , 379.54 , 174.36
381.17 , 178.07 , 381.33 , 176.35
381.34 , 182.95 , 381.99 , 181.04
381.42 , 185.40 , 382.39 , 183.36
380.06 , 196.27 , 382.08 , 194.06
380.00 , 193.78 , 381.59 , 191.74
380.06 , 196.27 , 382.08 , 194.06
381.57 , 190.33 , 383.31 , 187.98
381.55 , 191.97 , 384.39 , 189.23
379.79 , 189.65 , 382.16 , 187.48
379.56 , 179.72 , 380.37 , 178.22
379.37 , 173.95 , 379.94 , 172.65
379.43 , 176.41 , 380.29 , 174.99
380.67 , 166.55 , 380.64 , 165.21
379.13 , 165.00 , 379.02 , 164.01
379.21 , 167.45 , 379.14 , 166.39
379.05 , 162.55 , 378.96 , 161.63
377.54 , 161.71 , 377.47 , 161.09
377.51 , 160.07 , 377.53 , 159.50
377.63 , 165.00 , 377.57 , 164.30
377.63 , 165.00 , 377.57 , 164.30
377.54 , 161.71 , 377.47 , 161.09
376.08 , 161.72 , 376.04 , 161.35
375.90 , 151.78 , 376.19 , 151.68
377.57 , 162.53 , 377.53 , 161.90
377.30 , 152.62 , 377.81 , 152.34
377.28 , 151.82 , 377.53 , 151.50
377.28 , 151.82 , 377.53 , 151.50
375.90 , 151.78 , 376.19 , 151.68
375.91 , 152.56 , 376.46 , 152.50
375.91 , 152.56 , 376.46 , 152.50
375.91 , 152.56 , 376.46 , 152.50
374.42 , 155.01 , 374.72 , 154.64
374.42 , 155.01 , 374.72 , 154.64
375.86 , 155.83 , 376.30 , 155.27
376.08 , 161.63 , 376.21 , 160.87
374.91 , 172.34 , 374.56 , 171.51
374.95 , 173.14 , 374.46 , 172.26
374.68 , 164.06 , 374.70 , 163.47
374.71 , 164.84 , 374.76 , 164.24
376.22 , 164.93 , 376.19 , 164.07
374.71 , 164.84 , 374.76 , 164.24
376.22 , 164.93 , 376.19 , 164.07
376.35 , 168.24 , 376.11 , 167.25
376.22 , 164.93 , 376.19 , 164.07
376.08 , 161.63 , 376.21 , 160.87
377.18 , 149.14 , 378.98 , 149.44
377.18 , 149.14 , 378.98 , 149.44
377.50 , 159.22 , 377.91 , 158.78
377.50 , 159.22 , 377.91 , 158.78
377.67 , 165.02 , 377.71 , 164.34
376.17 , 163.22 , 376.44 , 162.50
378.91 , 157.64 , 379.70 , 157.15
377.10 , 146.58 , 379.36 , 147.16
377.20 , 149.89 , 379.36 , 150.41
375.70 , 151.53 , 377.01 , 151.40
375.99 , 159.12 , 376.34 , 158.48
377.50 , 159.22 , 377.91 , 158.78
379.06 , 161.79 , 379.17 , 160.94
378.96 , 159.30 , 379.30 , 158.59
379.01 , 160.94 , 379.05 , 160.10
379.01 , 160.94 , 379.05 , 160.10
379.23 , 166.72 , 379.04 , 165.67
377.77 , 169.14 , 377.57 , 168.31
377.94 , 176.53 , 377.80 , 175.51
379.82 , 186.34 , 380.36 , 184.70
378.55 , 186.38 , 379.04 , 184.62
379.82 , 186.34 , 380.36 , 184.70
378.18 , 176.53 , 377.92 , 175.04
378.18 , 176.53 , 377.92 , 175.04
378.35 , 179.85 , 377.88 , 178.24
379.62 , 178.98 , 379.53 , 177.58
376.80 , 183.96 , 377.10 , 182.60
378.63 , 188.86 , 379.42 , 187.00
378.63 , 187.23 , 378.63 , 185.46
378.63 , 187.23 , 378.63 , 185.46
377.07 , 192.24 , 377.69 , 190.65
377.00 , 189.75 , 377.33 , 188.24
377.00 , 189.75 , 377.33 , 188.24
377.00 , 189.75 , 377.33 , 188.24
376.48 , 172.40 , 376.06 , 171.28
378.35 , 179.85 , 377.88 , 178.24
377.79 , 166.67 , 377.53 , 165.44
378.16 , 174.92 , 377.61 , 173.43
376.64 , 177.35 , 376.19 , 176.13
376.64 , 177.35 , 376.19 , 176.13
376.64 , 177.35 , 376.19 , 176.13
376.42 , 171.58 , 376.15 , 170.51
376.42 , 171.58 , 376.15 , 170.51
376.58 , 176.53 , 376.40 , 175.35
374.93 , 174.04 , 374.74 , 173.20
374.74 , 166.56 , 374.64 , 165.89
376.04 , 160.83 , 376.10 , 160.07
376.26 , 166.62 , 376.09 , 165.68
376.31 , 167.43 , 376.10 , 166.46
376.34 , 169.10 , 376.10 , 168.09
376.26 , 166.62 , 376.09 , 165.68
375.86 , 155.83 , 376.30 , 155.27
376.17 , 164.13 , 376.13 , 163.27
376.26 , 166.62 , 376.09 , 165.68
376.39 , 169.92 , 376.05 , 168.87
376.26 , 166.62 , 376.09 , 165.68
376.21 , 165.81 , 376.08 , 164.89
374.71 , 165.78 , 374.63 , 165.13
374.81 , 169.06 , 374.63 , 168.32
376.29 , 168.29 , 376.14 , 167.31
374.74 , 166.56 , 374.64 , 165.89
374.54 , 159.04 , 374.96 , 158.64
374.68 , 164.06 , 374.70 , 163.47
376.08 , 161.63 , 376.21 , 160.87
376.22 , 164.93 , 376.19 , 164.07
376.31 , 167.43 , 376.10 , 166.46
376.48 , 172.40 , 376.06 , 171.28
376.48 , 172.40 , 376.06 , 171.28
377.93 , 174.91 , 377.53 , 173.90
377.70 , 166.67 , 377.59 , 165.91
379.18 , 165.86 , 379.03 , 164.84
379.23 , 166.72 , 379.04 , 165.67
379.10 , 163.40 , 379.02 , 162.47
379.18 , 165.86 , 379.03 , 164.84
379.14 , 164.26 , 379.08 , 163.30
379.23 , 166.72 , 379.04 , 165.67
379.31 , 169.18 , 379.05 , 168.05
379.31 , 169.18 , 379.05 , 168.05
379.31 , 169.18 , 379.05 , 168.05
379.10 , 163.40 , 379.02 , 162.47
379.01 , 160.94 , 379.05 , 160.10
379.10 , 163.40 , 379.02 , 162.47
379.18 , 165.86 , 379.03 , 164.84
379.26 , 168.31 , 379.09 , 167.22
377.73 , 168.30 , 377.62 , 167.50
377.95 , 178.15 , 378.22 , 177.09
377.90 , 175.69 , 378.00 , 174.70
377.69 , 167.46 , 377.66 , 166.70
377.75 , 169.93 , 377.80 , 169.09
377.85 , 174.86 , 378.21 , 173.87
377.85 , 174.86 , 378.21 , 173.87
377.90 , 177.33 , 378.48 , 176.25
377.76 , 171.56 , 378.13 , 170.66
377.95 , 179.81 , 378.79 , 178.62
377.95 , 179.81 , 378.79 , 178.62
376.22 , 173.33 , 377.07 , 172.55
376.20 , 170.84 , 376.76 , 170.17
377.90 , 179.00 , 379.10 , 177.74
376.31 , 179.12 , 377.51 , 178.13
376.28 , 176.61 , 377.16 , 175.77
376.22 , 173.33 , 377.07 , 172.55
376.22 , 173.33 , 377.07 , 172.55
374.92 , 176.69 , 375.78 , 175.70
374.83 , 173.42 , 375.66 , 172.49
377.90 , 179.00 , 379.10 , 177.74
377.85 , 176.51 , 378.73 , 175.39
376.20 , 166.67 , 376.22 , 165.74
377.60 , 164.17 , 377.57 , 163.49
377.54 , 161.71 , 377.47 , 161.09
379.13 , 165.00 , 379.02 , 164.01
376.08 , 162.52 , 376.00 , 161.69
379.10 , 163.40 , 379.02 , 162.47
379.18 , 165.86 , 379.03 , 164.84
379.31 , 169.18 , 379.05 , 168.05
379.18 , 165.86 , 379.03 , 164.84
382.25 , 168.34 , 382.06 , 167.13
380.81 , 168.32 , 380.56 , 166.92
380.54 , 162.56 , 380.38 , 161.35
379.28 , 169.90 , 379.29 , 168.77
379.34 , 170.76 , 379.20 , 169.60
379.34 , 170.76 , 379.20 , 169.60
379.26 , 168.31 , 379.09 , 167.22
379.39 , 171.63 , 379.10 , 170.43
381.25 , 178.96 , 381.08 , 177.22
379.69 , 179.85 , 379.27 , 178.40
379.69 , 179.85 , 379.27 , 178.40
378.45 , 182.31 , 378.09 , 180.65
378.46 , 183.92 , 378.69 , 182.23
378.63 , 187.23 , 378.63 , 185.46
378.37 , 181.45 , 378.39 , 179.84
378.00 , 178.99 , 377.97 , 177.91
378.00 , 178.99 , 377.97 , 177.91
377.95 , 178.15 , 378.22 , 177.09
378.04 , 183.10 , 378.79 , 181.85
377.84 , 173.22 , 377.83 , 172.30
377.83 , 171.60 , 377.60 , 170.71
377.67 , 165.83 , 377.58 , 165.10
376.13 , 163.32 , 376.07 , 162.48
375.95 , 158.34 , 376.17 , 157.67
375.95 , 158.34 , 376.17 , 157.67
377.54 , 160.89 , 377.64 , 160.32
377.51 , 160.07 , 377.53 , 159.50
377.57 , 162.53 , 377.53 , 161.90
377.57 , 162.53 , 377.53 , 161.90
376.08 , 162.52 , 376.00 , 161.69
376.08 , 162.52 , 376.00 , 161.69
375.83 , 155.05 , 376.07 , 154.45
375.73 , 152.55 , 376.19 , 152.05
375.34 , 142.39 , 377.11 , 142.57
375.34 , 142.39 , 377.11 , 142.57
376.99 , 142.54 , 378.82 , 142.93
377.32 , 153.42 , 378.08 , 153.20
377.25 , 150.90 , 378.32 , 150.85
375.77 , 153.31 , 376.46 , 152.89
375.77 , 153.31 , 376.46 , 152.89
375.80 , 154.08 , 376.74 , 153.75
375.77 , 153.31 , 376.46 , 152.89
375.67 , 150.78 , 376.68 , 150.52
375.77 , 153.31 , 376.46 , 152.89
375.64 , 150.03 , 376.35 , 149.66
375.73 , 152.55 , 376.19 , 152.05
375.86 , 155.83 , 376.30 , 155.27
374.27 , 149.96 , 375.04 , 149.81
374.35 , 152.49 , 374.86 , 152.22
375.83 , 155.05 , 376.07 , 154.45
374.20 , 147.42 , 375.27 , 147.41
375.64 , 150.03 , 376.35 , 149.66
375.73 , 152.55 , 376.19 , 152.05
375.64 , 150.03 , 376.35 , 149.66
374.27 , 149.96 , 375.04 , 149.81
375.83 , 155.05 , 376.07 , 154.45
375.83 , 155.05 , 376.07 , 154.45
375.91 , 157.55 , 376.00 , 156.86
377.51 , 160.07 , 377.53 , 159.50
376.04 , 160.83 , 376.10 , 160.07
376.13 , 163.32 , 376.07 , 162.48
377.44 , 157.59 , 377.58 , 157.11
377.60 , 163.36 , 377.59 , 162.71
377.30 , 152.62 , 377.81 , 152.34
377.42 , 156.72 , 378.11 , 156.42
378.43 , 145.94 , 380.21 , 146.08
378.56 , 149.25 , 380.29 , 149.34
378.56 , 149.25 , 380.29 , 149.34
378.43 , 145.94 , 380.21 , 146.08
378.64 , 150.99 , 379.64 , 150.70
378.83 , 155.99 , 379.25 , 155.37
378.83 , 155.99 , 379.25 , 155.37
376.78 , 145.04 , 378.08 , 144.78
376.78 , 145.04 , 378.08 , 144.78
377.02 , 150.09 , 377.66 , 149.49
376.68 , 143.21 , 378.85 , 143.41
378.40 , 145.16 , 379.77 , 145.13
376.90 , 147.57 , 377.84 , 147.13
377.06 , 150.87 , 377.99 , 150.37
377.06 , 150.87 , 377.99 , 150.37
376.90 , 147.57 , 377.84 , 147.13
378.60 , 153.47 , 379.12 , 152.53
378.74 , 155.97 , 379.00 , 154.87
377.29 , 155.90 , 377.65 , 155.08
376.81 , 145.78 , 378.52 , 145.71
376.26 , 134.69 , 379.47 , 135.57
376.42 , 137.99 , 379.66 , 138.88
376.39 , 137.31 , 379.05 , 137.84
376.13 , 132.68 , 380.65 , 134.45
375.03 , 135.23 , 378.94 , 136.69
374.79 , 130.41 , 380.83 , 133.49
373.97 , 140.38 , 376.77 , 141.27
376.90 , 139.98 , 379.18 , 140.62
375.24 , 139.81 , 377.46 , 140.23
374.90 , 131.94 , 378.77 , 133.37
375.00 , 133.93 , 377.64 , 134.62
375.24 , 139.81 , 377.46 , 140.23
375.44 , 144.95 , 376.81 , 144.92
375.54 , 147.50 , 376.56 , 147.28
377.02 , 150.09 , 377.66 , 149.49
375.34 , 142.39 , 377.11 , 142.57
375.57 , 148.24 , 376.94 , 148.16
376.78 , 145.04 , 378.08 , 144.78
375.44 , 144.95 , 376.81 , 144.92
375.44 , 144.95 , 376.81 , 144.92
375.44 , 144.95 , 376.81 , 144.92
376.74 , 144.28 , 377.64 , 143.88
375.32 , 141.67 , 376.62 , 141.66
375.11 , 136.53 , 377.25 , 136.95
375.11 , 136.53 , 377.25 , 136.95
376.37 , 136.61 , 378.45 , 136.84
375.22 , 139.11 , 376.91 , 139.30
375.11 , 136.53 , 377.25 , 136.95
374.77 , 128.66 , 378.54 , 130.03
373.60 , 128.57 , 377.40 , 130.06
374.77 , 128.66 , 378.54 , 130.03
374.90 , 131.94 , 378.77 , 133.37
374.89 , 131.31 , 378.06 , 132.31
374.90 , 131.94 , 378.77 , 133.37
374.66 , 127.12 , 380.69 , 130.12
374.91 , 132.56 , 379.48 , 134.47
375.03 , 135.23 , 378.94 , 136.69
375.36 , 143.10 , 377.60 , 143.51
375.25 , 140.50 , 378.00 , 141.21
375.36 , 143.10 , 377.60 , 143.51
375.01 , 134.59 , 378.29 , 135.63
373.69 , 131.84 , 377.60 , 133.39
373.87 , 137.11 , 376.64 , 137.98
373.69 , 131.22 , 376.90 , 132.36
375.24 , 139.81 , 377.46 , 140.23
375.34 , 142.39 , 377.11 , 142.57
373.86 , 145.52 , 375.57 , 145.49
