338.41 , 196.56 , 342.58 , 193.76
337.22 , 196.66 , 341.39 , 193.86
336.97 , 199.70 , 341.83 , 196.44
337.22 , 196.66 , 341.39 , 193.86
336.04 , 139.04 , 340.20 , 193.98
335.84 , 142.00 , 339.99 , 197.01
335.84 , 142.00 , 339.99 , 197.01
336.07 , 140.40 , 339.59 , 194.38
334.26 , 140.60 , 337.97 , 194.24
334.26 , 140.60 , 337.97 , 194.24
334.26 , 140.60 , 337.97 , 194.24
334.52 , 138.99 , 337.64 , 191.58
334.52 , 138.99 , 337.64 , 191.58
335.72 , 193.82 , 338.85 , 191.50
337.49 , 193.64 , 340.45 , 191.63
337.51 , 193.65 , 339.89 , 191.98
338.97 , 190.61 , 341.41 , 188.90
338.97 , 190.61 , 341.41 , 188.90
338.71 , 193.58 , 341.09 , 191.94
338.98 , 190.66 , 340.90 , 189.24
340.21 , 190.60 , 342.12 , 189.24
340.21 , 190.60 , 342.12 , 189.24
340.49 , 187.61 , 342.46 , 186.20
340.20 , 190.53 , 342.63 , 188.87
340.49 , 187.61 , 342.46 , 186.20
340.49 , 187.61 , 342.46 , 186.20
339.23 , 187.68 , 341.21 , 186.22
339.23 , 187.68 , 341.21 , 186.22
338.78 , 187.75 , 340.90 , 186.05
338.97 , 190.61 , 341.41 , 188.90
340.20 , 190.53 , 342.63 , 188.87
340.49 , 187.61 , 342.46 , 186.20
340.49 , 187.61 , 342.46 , 186.20
341.76 , 187.53 , 343.70 , 186.20
343.02 , 187.46 , 344.93 , 186.23
341.76 , 187.53 , 343.70 , 186.20
343.45 , 187.40 , 345.26 , 186.31
341.76 , 187.53 , 343.70 , 186.20
341.76 , 187.53 , 343.70 , 186.20
341.45 , 190.53 , 343.33 , 189.26
340.21 , 190.60 , 342.12 , 189.24
340.21 , 190.60 , 342.12 , 189.24
338.78 , 187.75 , 340.90 , 186.05
339.10 , 184.83 , 340.80 , 183.35
339.10 , 184.83 , 340.80 , 183.35
339.10 , 184.83 , 340.80 , 183.35
337.41 , 184.95 , 339.28 , 183.17
339.10 , 184.83 , 340.80 , 183.35
337.82 , 184.90 , 339.53 , 183.36
339.10 , 184.83 , 340.80 , 183.35
340.39 , 184.76 , 342.07 , 183.37
339.42 , 181.94 , 340.75 , 180.63
340.73 , 181.88 , 342.05 , 180.66
340.39 , 184.76 , 342.07 , 183.37
340.78 , 184.72 , 342.34 , 183.50
339.50 , 184.79 , 341.07 , 183.51
339.50 , 184.79 , 341.07 , 183.51
338.11 , 182.01 , 339.45 , 180.63
339.10 , 184.83 , 340.80 , 183.35
339.10 , 184.83 , 340.80 , 183.35
338.11 , 182.01 , 339.45 , 180.63
339.42 , 181.94 , 340.75 , 180.63
338.11 , 182.01 , 339.45 , 180.63
338.11 , 182.01 , 339.45 , 180.63
338.39 , 179.03 , 339.73 , 177.65
339.42 , 181.94 , 340.75 , 180.63
338.11 , 182.01 , 339.45 , 180.63
338.11 , 182.01 , 339.45 , 180.63
338.11 , 182.01 , 339.45 , 180.63
336.75 , 179.14 , 338.25 , 177.47
336.75 , 179.14 , 338.25 , 177.47
340.04 , 176.09 , 341.06 , 174.91
337.07 , 176.25 , 338.25 , 174.73
338.39 , 179.03 , 339.73 , 177.65
338.39 , 179.03 , 339.73 , 177.65
337.80 , 184.85 , 339.94 , 183.07
337.80 , 184.85 , 339.94 , 183.07
336.52 , 184.94 , 338.65 , 183.13
336.52 , 184.94 , 338.65 , 183.13
336.52 , 184.94 , 338.65 , 183.13
336.52 , 184.94 , 338.65 , 183.13
337.80 , 184.85 , 339.94 , 183.07
337.51 , 187.80 , 340.12 , 185.75
336.25 , 187.89 , 338.85 , 185.82
337.21 , 190.77 , 340.35 , 188.41
338.70 , 193.56 , 341.65 , 191.57
338.95 , 190.57 , 341.92 , 188.53
340.45 , 193.38 , 343.26 , 191.67
340.45 , 193.38 , 343.26 , 191.67
339.66 , 187.55 , 341.97 , 186.04
339.49 , 184.70 , 341.47 , 183.20
338.97 , 190.61 , 341.41 , 188.90
340.49 , 187.53 , 342.92 , 185.83
339.22 , 187.62 , 341.67 , 185.88
339.22 , 187.62 , 341.67 , 185.88
339.49 , 184.70 , 341.47 , 183.20
338.21 , 184.79 , 340.18 , 183.26
336.25 , 187.89 , 338.85 , 185.82
337.51 , 187.80 , 340.12 , 185.75
337.96 , 187.72 , 340.41 , 185.95
337.96 , 187.72 , 340.41 , 185.95
339.48 , 184.63 , 341.87 , 182.86
339.48 , 184.63 , 341.87 , 182.86
339.48 , 184.63 , 341.87 , 182.86
338.43 , 181.81 , 340.36 , 180.27
339.49 , 184.70 , 341.47 , 183.20
339.74 , 181.71 , 341.67 , 180.20
336.78 , 181.97 , 338.85 , 180.15
336.50 , 184.92 , 339.05 , 182.84
336.50 , 184.92 , 339.05 , 182.84
338.43 , 181.81 , 340.36 , 180.27
338.43 , 181.81 , 340.36 , 180.27
338.43 , 181.81 , 340.36 , 180.27
336.78 , 181.97 , 338.85 , 180.15
337.05 , 179.04 , 338.69 , 177.45
337.05 , 179.04 , 338.69 , 177.45
337.05 , 179.04 , 338.69 , 177.45
335.40 , 179.19 , 337.21 , 177.30
338.08 , 181.87 , 340.16 , 180.08
336.41 , 182.03 , 338.67 , 179.94
338.08 , 181.87 , 340.16 , 180.08
336.50 , 184.92 , 339.05 , 182.84
336.50 , 184.92 , 339.05 , 182.84
336.50 , 184.92 , 339.05 , 182.84
336.50 , 184.92 , 339.05 , 182.84
336.50 , 184.92 , 339.05 , 182.84
337.79 , 184.81 , 340.35 , 182.75
336.50 , 184.92 , 339.05 , 182.84
338.43 , 181.81 , 340.36 , 180.27
335.22 , 131.50 , 337.76 , 182.94
336.50 , 184.92 , 339.05 , 182.84
336.23 , 187.90 , 339.32 , 185.50
336.23 , 187.90 , 339.32 , 185.50
336.91 , 131.32 , 339.29 , 183.06
338.43 , 181.81 , 340.36 , 180.27
336.78 , 181.97 , 338.85 , 180.15
336.23 , 187.90 , 339.32 , 185.50
336.50 , 184.92 , 339.05 , 182.84
335.22 , 131.50 , 337.76 , 182.94
334.97 , 133.09 , 338.04 , 185.61
334.97 , 133.09 , 338.04 , 185.61
333.94 , 185.14 , 336.45 , 183.07
334.97 , 133.09 , 338.04 , 185.61
333.94 , 185.14 , 336.45 , 183.07
335.22 , 131.50 , 337.76 , 182.94
335.22 , 131.50 , 337.76 , 182.94
333.80 , 130.09 , 336.02 , 180.10
335.10 , 182.13 , 337.35 , 180.01
338.08 , 181.87 , 340.16 , 180.08
336.78 , 181.97 , 338.85 , 180.15
336.50 , 184.92 , 339.05 , 182.84
336.23 , 187.90 , 339.32 , 185.50
336.23 , 187.90 , 339.32 , 185.50
337.95 , 187.69 , 340.86 , 185.60
336.69 , 132.89 , 339.59 , 185.72
337.72 , 190.67 , 340.68 , 188.61
337.96 , 187.72 , 340.41 , 185.95
340.68 , 190.38 , 343.50 , 188.62
338.95 , 190.57 , 341.92 , 188.53
338.95 , 190.57 , 341.92 , 188.53
339.02 , 196.42 , 343.01 , 193.93
337.22 , 196.66 , 341.39 , 193.86
339.23 , 193.43 , 342.61 , 191.33
337.83 , 138.80 , 341.82 , 194.06
338.21 , 134.24 , 341.53 , 188.42
336.47 , 134.47 , 339.95 , 188.35
338.03 , 137.22 , 341.40 , 191.44
337.47 , 193.65 , 341.01 , 191.25
340.92 , 187.37 , 343.69 , 185.58
340.68 , 190.33 , 344.01 , 188.19
338.94 , 190.55 , 342.44 , 188.12
337.72 , 190.67 , 340.68 , 188.61
339.02 , 196.42 , 343.01 , 193.93
337.70 , 190.67 , 341.20 , 188.23
337.45 , 193.68 , 341.58 , 190.82
337.20 , 196.72 , 342.02 , 193.39
337.20 , 196.72 , 342.02 , 193.39
339.22 , 193.43 , 343.17 , 190.88
337.20 , 196.72 , 342.02 , 193.39
340.19 , 196.32 , 344.82 , 193.31
340.19 , 196.32 , 344.82 , 193.31
339.00 , 196.44 , 343.63 , 193.44
338.78 , 199.49 , 344.13 , 195.97
338.78 , 199.49 , 344.13 , 195.97
337.62 , 139.04 , 342.96 , 196.13
337.62 , 139.04 , 342.96 , 196.13
337.82 , 137.42 , 342.43 , 193.59
339.02 , 196.42 , 343.01 , 193.93
339.02 , 196.42 , 343.01 , 193.93
339.02 , 196.42 , 343.01 , 193.93
338.79 , 199.43 , 343.46 , 196.51
339.02 , 196.42 , 343.01 , 193.93
339.02 , 196.42 , 343.01 , 193.93
337.83 , 138.80 , 341.82 , 194.06
338.03 , 137.22 , 341.40 , 191.44
336.24 , 136.08 , 340.36 , 190.96
336.24 , 136.08 , 340.36 , 190.96
334.71 , 134.70 , 338.38 , 188.25
336.47 , 134.47 , 339.95 , 188.35
334.94 , 131.74 , 338.51 , 185.28
334.97 , 133.09 , 338.04 , 185.61
336.23 , 187.90 , 339.32 , 185.50
336.23 , 187.90 , 339.32 , 185.50
336.23 , 187.90 , 339.32 , 185.50
334.97 , 133.09 , 338.04 , 185.61
334.97 , 133.09 , 338.04 , 185.61
334.97 , 133.09 , 338.04 , 185.61
335.22 , 131.50 , 337.76 , 182.94
334.97 , 133.09 , 338.04 , 185.61
334.97 , 133.09 , 338.04 , 185.61
334.97 , 133.09 , 338.04 , 185.61
334.97 , 133.09 , 338.04 , 185.61
335.22 , 131.50 , 337.76 , 182.94
332.24 , 185.32 , 334.92 , 182.93
332.24 , 185.32 , 334.92 , 182.93
333.51 , 131.69 , 336.23 , 182.80
333.51 , 131.69 , 336.23 , 182.80
333.51 , 131.69 , 336.23 , 182.80
333.51 , 131.69 , 336.23 , 182.80
333.27 , 134.63 , 336.04 , 185.75
335.24 , 132.88 , 337.35 , 183.20
336.52 , 184.94 , 338.65 , 183.13
337.51 , 187.80 , 340.12 , 185.75
337.80 , 184.85 , 339.94 , 183.07
339.49 , 184.70 , 341.47 , 183.20
340.49 , 187.61 , 342.46 , 186.20
337.53 , 187.82 , 339.65 , 186.07
340.49 , 187.61 , 342.46 , 186.20
338.78 , 187.75 , 340.90 , 186.05
340.49 , 187.61 , 342.46 , 186.20
340.20 , 190.53 , 342.63 , 188.87
340.20 , 190.53 , 342.63 , 188.87
341.93 , 190.37 , 344.22 , 188.98
340.20 , 190.53 , 342.63 , 188.87
340.69 , 190.45 , 342.99 , 189.01
338.70 , 193.56 , 341.65 , 191.57
340.69 , 190.45 , 342.99 , 189.01
339.22 , 187.62 , 341.67 , 185.88
339.66 , 187.55 , 341.97 , 186.04
337.96 , 187.72 , 340.41 , 185.95
337.96 , 187.72 , 340.41 , 185.95
338.21 , 184.79 , 340.18 , 183.26
336.52 , 184.94 , 338.65 , 183.13
336.25 , 187.89 , 338.85 , 185.82
335.24 , 132.88 , 337.35 , 183.20
335.24 , 132.88 , 337.35 , 183.20
335.24 , 132.88 , 337.35 , 183.20
336.52 , 184.94 , 338.65 , 183.13
337.80 , 184.85 , 339.94 , 183.07
339.49 , 184.70 , 341.47 , 183.20
339.75 , 181.80 , 341.32 , 180.51
336.79 , 182.01 , 338.49 , 180.41
337.05 , 179.04 , 338.69 , 177.45
338.39 , 179.03 , 339.73 , 177.65
338.39 , 179.03 , 339.73 , 177.65
338.10 , 181.93 , 339.81 , 180.37
338.09 , 179.07 , 339.58 , 177.46
337.80 , 184.85 , 339.94 , 183.07
338.10 , 181.93 , 339.81 , 180.37
338.10 , 181.93 , 339.81 , 180.37
339.41 , 181.85 , 341.11 , 180.34
339.41 , 181.85 , 341.11 , 180.34
338.10 , 181.93 , 339.81 , 180.37
337.51 , 187.80 , 340.12 , 185.75
337.80 , 184.85 , 339.94 , 183.07
337.80 , 184.85 , 339.94 , 183.07
337.80 , 184.85 , 339.94 , 183.07
337.80 , 184.85 , 339.94 , 183.07
337.80 , 184.85 , 339.94 , 183.07
339.09 , 184.76 , 341.22 , 183.04
340.77 , 184.61 , 342.74 , 183.17
339.41 , 181.85 , 341.11 , 180.34
339.41 , 181.85 , 341.11 , 180.34
341.06 , 181.72 , 342.62 , 180.48
339.41 , 181.85 , 341.11 , 180.34
339.09 , 184.76 , 341.22 , 183.04
340.04 , 187.61 , 342.62 , 185.69
340.38 , 184.60 , 342.91 , 182.66
339.08 , 184.70 , 341.63 , 182.70
342.38 , 181.50 , 344.28 , 180.12
341.06 , 181.61 , 342.98 , 180.15
342.38 , 181.50 , 344.28 , 180.12
343.71 , 181.40 , 345.56 , 180.12
342.38 , 181.50 , 344.28 , 180.12
342.69 , 178.62 , 344.17 , 177.46
343.37 , 184.30 , 345.69 , 182.75
343.71 , 181.40 , 345.56 , 180.12
343.71 , 181.40 , 345.56 , 180.12
340.38 , 184.60 , 342.91 , 182.66
342.07 , 184.41 , 344.43 , 182.77
342.07 , 184.41 , 344.43 , 182.77
340.38 , 184.67 , 342.49 , 183.03
339.09 , 184.76 , 341.22 , 183.04
340.49 , 187.53 , 342.92 , 185.83
340.49 , 187.53 , 342.92 , 185.83
338.77 , 187.70 , 341.37 , 185.71
338.45 , 190.67 , 341.58 , 188.36
339.69 , 190.57 , 342.81 , 188.33
339.69 , 190.57 , 342.81 , 188.33
340.49 , 187.53 , 342.92 , 185.83
340.49 , 187.53 , 342.92 , 185.83
340.49 , 187.53 , 342.92 , 185.83
341.75 , 187.43 , 344.16 , 185.81
341.44 , 190.37 , 344.37 , 188.44
341.44 , 190.37 , 344.37 , 188.44
340.19 , 190.47 , 343.15 , 188.48
338.45 , 190.67 , 341.58 , 188.36
340.49 , 187.53 , 342.92 , 185.83
340.49 , 187.53 , 342.92 , 185.83
340.49 , 187.53 , 342.92 , 185.83
340.49 , 187.53 , 342.92 , 185.83
340.49 , 187.53 , 342.92 , 185.83
336.93 , 193.74 , 340.06 , 191.44
339.91 , 193.47 , 342.85 , 191.53
340.19 , 190.47 , 343.15 , 188.48
340.19 , 190.47 , 343.15 , 188.48
339.22 , 187.62 , 341.67 , 185.88
338.97 , 190.61 , 341.41 , 188.90
340.20 , 190.53 , 342.63 , 188.87
339.91 , 193.47 , 342.85 , 191.53
341.44 , 190.37 , 344.37 , 188.44
343.03 , 187.34 , 345.40 , 185.81
341.12 , 193.34 , 344.63 , 191.05
342.88 , 193.12 , 346.22 , 191.12
343.17 , 190.18 , 345.95 , 188.52
343.17 , 190.18 , 345.95 , 188.52
341.44 , 190.37 , 344.37 , 188.44
344.42 , 190.08 , 347.16 , 188.51
343.17 , 190.18 , 345.95 , 188.52
341.92 , 190.28 , 344.73 , 188.56
341.92 , 190.28 , 344.73 , 188.56
340.49 , 187.53 , 342.92 , 185.83
338.95 , 190.57 , 341.92 , 188.53
340.19 , 190.47 , 343.15 , 188.48
340.49 , 187.53 , 342.92 , 185.83
341.75 , 187.43 , 344.16 , 185.81
341.75 , 187.43 , 344.16 , 185.81
342.18 , 187.36 , 344.48 , 185.92
342.18 , 187.36 , 344.48 , 185.92
341.93 , 190.37 , 344.22 , 188.98
340.49 , 187.53 , 342.92 , 185.83
339.22 , 187.62 , 341.67 , 185.88
338.97 , 190.61 , 341.41 , 188.90
337.96 , 187.72 , 340.41 , 185.95
337.98 , 187.76 , 339.96 , 186.26
339.23 , 187.68 , 341.21 , 186.22
338.97 , 190.61 , 341.41 , 188.90
340.49 , 187.61 , 342.46 , 186.20
341.44 , 190.44 , 343.85 , 188.87
340.49 , 187.61 , 342.46 , 186.20
341.76 , 187.53 , 343.70 , 186.20
341.76 , 187.53 , 343.70 , 186.20
343.45 , 187.40 , 345.26 , 186.31
343.45 , 187.40 , 345.26 , 186.31
340.49 , 187.61 , 342.46 , 186.20
340.49 , 187.61 , 342.46 , 186.20
341.76 , 187.53 , 343.70 , 186.20
341.76 , 187.53 , 343.70 , 186.20
340.49 , 187.61 , 342.46 , 186.20
340.49 , 187.61 , 342.46 , 186.20
341.76 , 187.53 , 343.70 , 186.20
341.44 , 190.44 , 343.85 , 188.87
340.20 , 190.53 , 342.63 , 188.87
340.49 , 187.61 , 342.46 , 186.20
340.49 , 187.61 , 342.46 , 186.20
340.49 , 187.61 , 342.46 , 186.20
341.44 , 190.44 , 343.85 , 188.87
341.44 , 190.44 , 343.85 , 188.87
340.20 , 190.53 , 342.63 , 188.87
339.91 , 193.47 , 342.85 , 191.53
338.70 , 193.56 , 341.65 , 191.57
338.70 , 193.56 , 341.65 , 191.57
340.45 , 193.38 , 343.26 , 191.67
338.70 , 193.56 , 341.65 , 191.57
340.22 , 196.36 , 342.97 , 194.74
340.22 , 196.36 , 342.97 , 194.74
339.25 , 193.46 , 342.06 , 191.74
339.25 , 193.46 , 342.06 , 191.74
339.25 , 193.46 , 342.06 , 191.74
338.23 , 137.09 , 340.53 , 189.14
339.46 , 190.53 , 341.77 , 189.07
339.25 , 193.46 , 342.06 , 191.74
339.25 , 193.46 , 342.06 , 191.74
337.49 , 193.64 , 340.45 , 191.63
338.97 , 190.61 , 341.41 , 188.90
339.46 , 190.53 , 341.77 , 189.07
340.45 , 193.38 , 343.26 , 191.67
340.45 , 193.38 , 343.26 , 191.67
340.69 , 190.45 , 342.99 , 189.01
339.46 , 190.53 , 341.77 , 189.07
337.74 , 190.69 , 340.18 , 188.96
340.93 , 187.55 , 342.78 , 186.33
339.23 , 187.68 , 341.21 , 186.22
338.70 , 193.56 , 341.65 , 191.57
339.91 , 193.47 , 342.85 , 191.53
340.20 , 190.53 , 342.63 , 188.87
338.97 , 190.61 , 341.41 , 188.90
338.97 , 190.61 , 341.41 , 188.90
340.69 , 190.45 , 342.99 , 189.01
340.93 , 187.55 , 342.78 , 186.33
340.20 , 190.53 , 342.63 , 188.87
340.20 , 190.53 , 342.63 , 188.87
340.20 , 190.53 , 342.63 , 188.87
340.20 , 190.53 , 342.63 , 188.87
340.20 , 190.53 , 342.63 , 188.87
340.20 , 190.53 , 342.63 , 188.87
340.20 , 190.53 , 342.63 , 188.87
340.20 , 190.53 , 342.63 , 188.87
340.49 , 187.61 , 342.46 , 186.20
340.49 , 187.61 , 342.46 , 186.20
340.49 , 187.61 , 342.46 , 186.20
340.49 , 187.61 , 342.46 , 186.20
342.07 , 184.52 , 344.01 , 183.16
342.07 , 184.52 , 344.01 , 183.16
342.07 , 184.52 , 344.01 , 183.16
342.07 , 184.52 , 344.01 , 183.16
341.06 , 181.72 , 342.62 , 180.48
341.06 , 181.72 , 342.62 , 180.48
339.41 , 181.85 , 341.11 , 180.34
337.06 , 179.11 , 338.39 , 177.68
338.10 , 181.93 , 339.81 , 180.37
336.52 , 184.94 , 338.65 , 183.13
336.11 , 185.00 , 338.42 , 182.91
334.82 , 185.09 , 337.12 , 182.96
337.80 , 184.85 , 339.94 , 183.07
336.52 , 184.94 , 338.65 , 183.13
334.21 , 191.06 , 337.55 , 188.34
336.23 , 187.90 , 339.32 , 185.50
336.23 , 187.90 , 339.32 , 185.50
336.23 , 187.90 , 339.32 , 185.50
336.23 , 187.90 , 339.32 , 185.50
336.50 , 184.92 , 339.05 , 182.84
336.50 , 184.92 , 339.05 , 182.84
336.91 , 131.32 , 339.29 , 183.06
336.50 , 184.92 , 339.05 , 182.84
335.22 , 131.50 , 337.76 , 182.94
333.72 , 188.12 , 336.76 , 185.75
335.22 , 131.50 , 337.76 , 182.94
335.22 , 131.50 , 337.76 , 182.94
334.97 , 133.09 , 338.04 , 185.61
334.97 , 133.09 , 338.04 , 185.61
334.97 , 133.09 , 338.04 , 185.61
333.72 , 188.12 , 336.76 , 185.75
335.22 , 131.50 , 337.76 , 182.94
335.22 , 131.50 , 337.76 , 182.94
336.71 , 134.29 , 339.14 , 186.04
336.71 , 134.29 , 339.14 , 186.04
336.71 , 134.29 , 339.14 , 186.04
337.72 , 190.67 , 340.68 , 188.61
339.21 , 187.58 , 342.13 , 185.51
339.48 , 184.63 , 341.87 , 182.86
339.48 , 184.63 , 341.87 , 182.86
337.95 , 187.69 , 340.86 , 185.60
337.70 , 190.67 , 341.20 , 188.23
337.70 , 190.67 , 341.20 , 188.23
337.45 , 193.68 , 341.58 , 190.82
336.27 , 137.44 , 339.79 , 191.36
337.47 , 193.65 , 341.01 , 191.25
338.95 , 190.57 , 341.92 , 188.53
339.23 , 193.43 , 342.61 , 191.33
340.68 , 190.33 , 344.01 , 188.19
340.68 , 190.33 , 344.01 , 188.19
342.40 , 190.10 , 345.60 , 188.22
342.40 , 190.10 , 345.60 , 188.22
343.64 , 190.09 , 346.32 , 188.61
343.88 , 187.06 , 346.51 , 185.54
343.88 , 187.06 , 346.51 , 185.54
342.82 , 184.27 , 344.96 , 182.99
342.61 , 187.17 , 345.25 , 185.62
342.61 , 187.17 , 345.25 , 185.62
341.53 , 184.38 , 343.68 , 183.08
339.87 , 184.56 , 342.13 , 183.03
341.15 , 184.45 , 343.41 , 182.94
342.82 , 184.27 , 344.96 , 182.99
341.15 , 184.45 , 343.41 , 182.94
341.15 , 184.45 , 343.41 , 182.94
341.15 , 184.45 , 343.41 , 182.94
341.15 , 184.45 , 343.41 , 182.94
340.08 , 181.65 , 341.88 , 180.36
340.08 , 181.65 , 341.88 , 180.36
340.08 , 181.65 , 341.88 , 180.36
338.43 , 181.81 , 340.36 , 180.27
339.74 , 181.71 , 341.67 , 180.20
341.06 , 181.61 , 342.98 , 180.15
339.48 , 184.63 , 341.87 , 182.86
340.77 , 184.52 , 343.16 , 182.80
342.18 , 187.26 , 344.94 , 185.50
342.45 , 184.34 , 344.69 , 182.88
343.46 , 187.15 , 346.19 , 185.45
342.45 , 184.34 , 344.69 , 182.88
340.68 , 190.38 , 343.50 , 188.62
340.68 , 190.38 , 343.50 , 188.62
341.92 , 190.28 , 344.73 , 188.56
340.92 , 187.45 , 343.23 , 185.97
340.92 , 187.45 , 343.23 , 185.97
341.16 , 184.55 , 343.01 , 183.30
341.16 , 184.55 , 343.01 , 183.30
341.39 , 181.68 , 342.85 , 180.62
340.68 , 190.38 , 343.50 , 188.62
340.68 , 190.38 , 343.50 , 188.62
341.66 , 193.23 , 345.02 , 191.17
339.90 , 193.44 , 343.43 , 191.09
339.90 , 193.44 , 343.43 , 191.09
340.19 , 190.47 , 343.15 , 188.48
338.68 , 193.55 , 342.22 , 191.16
339.90 , 193.44 , 343.43 , 191.09
340.19 , 190.47 , 343.15 , 188.48
341.92 , 190.28 , 344.73 , 188.56
341.92 , 190.28 , 344.73 , 188.56
341.92 , 190.28 , 344.73 , 188.56
340.92 , 187.37 , 343.69 , 185.58
340.92 , 187.37 , 343.69 , 185.58
340.92 , 187.37 , 343.69 , 185.58
342.45 , 184.34 , 344.69 , 182.88
340.77 , 184.52 , 343.16 , 182.80
339.48 , 184.63 , 341.87 , 182.86
339.48 , 184.63 , 341.87 , 182.86
340.19 , 190.47 , 343.15 , 188.48
339.22 , 187.62 , 341.67 , 185.88
339.22 , 187.62 , 341.67 , 185.88
342.18 , 187.36 , 344.48 , 185.92
343.45 , 187.27 , 345.72 , 185.90
343.45 , 187.27 , 345.72 , 185.90
343.17 , 190.18 , 345.95 , 188.52
340.68 , 190.38 , 343.50 , 188.62
340.68 , 190.38 , 343.50 , 188.62
342.18 , 187.36 , 344.48 , 185.92
342.18 , 187.36 , 344.48 , 185.92
341.92 , 190.28 , 344.73 , 188.56
342.88 , 193.12 , 346.22 , 191.12
341.92 , 190.28 , 344.73 , 188.56
341.92 , 190.28 , 344.73 , 188.56
341.92 , 190.21 , 345.24 , 188.10
341.65 , 193.19 , 345.60 , 190.67
341.92 , 190.21 , 345.24 , 188.10
341.66 , 193.23 , 345.02 , 191.17
340.44 , 193.33 , 343.82 , 191.24
340.44 , 193.33 , 343.82 , 191.24
342.18 , 187.26 , 344.94 , 185.50
340.92 , 187.37 , 343.69 , 185.58
340.92 , 187.37 , 343.69 , 185.58
340.43 , 193.31 , 344.39 , 190.76
339.22 , 193.43 , 343.17 , 190.88
338.66 , 193.56 , 342.80 , 190.71
340.43 , 193.31 , 344.39 , 190.76
341.65 , 193.19 , 345.60 , 190.67
340.18 , 190.44 , 343.67 , 188.04
340.48 , 187.46 , 343.39 , 185.43
338.95 , 190.57 , 341.92 , 188.53
341.15 , 184.45 , 343.41 , 182.94
341.15 , 184.45 , 343.41 , 182.94
340.68 , 190.33 , 344.01 , 188.19
340.92 , 187.37 , 343.69 , 185.58
340.92 , 187.37 , 343.69 , 185.58
339.21 , 187.58 , 342.13 , 185.51
340.48 , 187.46 , 343.39 , 185.43
340.77 , 184.52 , 343.16 , 182.80
341.06 , 181.61 , 342.98 , 180.15
341.06 , 181.61 , 342.98 , 180.15
340.48 , 187.46 , 343.39 , 185.43
340.48 , 187.46 , 343.39 , 185.43
340.48 , 187.46 , 343.39 , 185.43
340.77 , 184.52 , 343.16 , 182.80
339.08 , 184.70 , 341.63 , 182.70
339.08 , 184.70 , 341.63 , 182.70
339.08 , 184.70 , 341.63 , 182.70
339.08 , 184.70 , 341.63 , 182.70
339.08 , 184.70 , 341.63 , 182.70
339.48 , 184.63 , 341.87 , 182.86
337.79 , 184.81 , 340.35 , 182.75
337.79 , 184.81 , 340.35 , 182.75
337.79 , 184.81 , 340.35 , 182.75
337.79 , 184.81 , 340.35 , 182.75
337.49 , 187.78 , 340.59 , 185.40
337.49 , 187.78 , 340.59 , 185.40
337.49 , 187.78 , 340.59 , 185.40
337.18 , 190.79 , 340.88 , 188.02
335.95 , 190.90 , 339.63 , 188.13
337.70 , 190.67 , 341.20 , 188.23
337.95 , 187.69 , 340.86 , 185.60
337.95 , 187.69 , 340.86 , 185.60
338.19 , 184.74 , 340.58 , 182.95
336.91 , 131.32 , 339.29 , 183.06
336.69 , 132.89 , 339.59 , 185.72
336.69 , 132.89 , 339.59 , 185.72
336.69 , 132.89 , 339.59 , 185.72
336.47 , 134.47 , 339.95 , 188.35
334.71 , 134.70 , 338.38 , 188.25
335.95 , 190.90 , 339.63 , 188.13
335.95 , 190.90 , 339.63 , 188.13
335.95 , 190.90 , 339.63 , 188.13
337.70 , 190.67 , 341.20 , 188.23
337.47 , 193.65 , 341.01 , 191.25
338.39 , 196.60 , 343.21 , 193.26
337.45 , 193.68 , 341.58 , 190.82
337.45 , 193.68 , 341.58 , 190.82
337.70 , 190.67 , 341.20 , 188.23
337.70 , 190.67 , 341.20 , 188.23
337.45 , 193.68 , 341.58 , 190.82
335.78 , 139.35 , 341.33 , 196.08
335.55 , 141.02 , 341.90 , 198.58
337.62 , 139.04 , 342.96 , 196.13
339.00 , 196.44 , 343.63 , 193.44
337.82 , 137.42 , 342.43 , 193.59
338.79 , 199.43 , 343.46 , 196.51
339.22 , 193.43 , 343.17 , 190.88
339.22 , 193.43 , 343.17 , 190.88
340.98 , 193.22 , 344.22 , 191.38
339.93 , 134.02 , 343.12 , 188.46
338.40 , 132.68 , 341.16 , 185.79
338.40 , 132.68 , 341.16 , 185.79
338.40 , 132.68 , 341.16 , 185.79
338.40 , 132.68 , 341.16 , 185.79
335.44 , 187.91 , 338.32 , 185.86
335.63 , 184.95 , 337.99 , 183.19
335.63 , 184.95 , 337.99 , 183.19
334.17 , 182.17 , 336.19 , 180.37
337.13 , 129.77 , 339.04 , 180.37
337.13 , 129.77 , 339.04 , 180.37
337.35 , 128.23 , 338.84 , 177.66
335.72 , 128.37 , 337.34 , 177.54
335.72 , 128.37 , 337.34 , 177.54
335.72 , 128.37 , 337.34 , 177.54
335.72 , 128.37 , 337.34 , 177.54
334.07 , 128.51 , 335.86 , 177.38
334.07 , 128.51 , 335.86 , 177.38
334.07 , 128.51 , 335.86 , 177.38
334.07 , 128.51 , 335.86 , 177.38
332.75 , 179.38 , 334.50 , 177.49
332.75 , 179.38 , 334.50 , 177.49
332.75 , 179.38 , 334.50 , 177.49
332.49 , 182.34 , 334.68 , 180.22
332.75 , 179.38 , 334.50 , 177.49
334.07 , 128.51 , 335.86 , 177.38
334.07 , 128.51 , 335.86 , 177.38
333.82 , 131.46 , 335.66 , 180.31
335.10 , 182.13 , 337.35 , 180.01
334.82 , 185.09 , 337.12 , 182.96
337.80 , 184.85 , 339.94 , 183.07
337.80 , 184.85 , 339.94 , 183.07
340.38 , 184.67 , 342.49 , 183.03
341.75 , 187.43 , 344.16 , 185.81
341.75 , 187.43 , 344.16 , 185.81
341.44 , 190.37 , 344.37 , 188.44
341.44 , 190.37 , 344.37 , 188.44
341.12 , 193.34 , 344.63 , 191.05
343.17 , 190.18 , 345.95 , 188.52
340.19 , 190.47 , 343.15 , 188.48
341.75 , 187.43 , 344.16 , 185.81
344.10 , 193.11 , 346.83 , 191.61
342.88 , 193.20 , 345.65 , 191.61
343.17 , 190.29 , 345.43 , 188.97
343.17 , 190.18 , 345.95 , 188.52
343.64 , 190.09 , 346.32 , 188.61
341.92 , 190.28 , 344.73 , 188.56
344.88 , 189.99 , 347.54 , 188.57
341.93 , 190.37 , 344.22 , 188.98
343.17 , 190.18 , 345.95 , 188.52
345.14 , 187.10 , 347.30 , 185.96
345.14 , 187.10 , 347.30 , 185.96
343.64 , 190.09 , 346.32 , 188.61
343.64 , 190.09 , 346.32 , 188.61
341.66 , 193.23 , 345.02 , 191.17
341.92 , 190.28 , 344.73 , 188.56
342.18 , 187.36 , 344.48 , 185.92
341.92 , 190.28 , 344.73 , 188.56
341.92 , 190.28 , 344.73 , 188.56
340.68 , 190.38 , 343.50 , 188.62
342.18 , 187.36 , 344.48 , 185.92
342.18 , 187.36 , 344.48 , 185.92
343.87 , 187.19 , 346.05 , 185.98
341.92 , 190.28 , 344.73 , 188.56
342.18 , 187.36 , 344.48 , 185.92
342.18 , 187.36 , 344.48 , 185.92
342.18 , 187.36 , 344.48 , 185.92
342.45 , 184.34 , 344.69 , 182.88
340.92 , 187.45 , 343.23 , 185.97
340.77 , 184.61 , 342.74 , 183.17
341.92 , 190.28 , 344.73 , 188.56
342.18 , 187.26 , 344.94 , 185.50
340.92 , 187.45 , 343.23 , 185.97
342.18 , 187.36 , 344.48 , 185.92
342.18 , 187.36 , 344.48 , 185.92
339.22 , 187.62 , 341.67 , 185.88
339.22 , 187.62 , 341.67 , 185.88
340.68 , 190.38 , 343.50 , 188.62
340.92 , 187.37 , 343.69 , 185.58
338.19 , 184.74 , 340.58 , 182.95
339.21 , 187.58 , 342.13 , 185.51
337.49 , 187.78 , 340.59 , 185.40
339.48 , 184.63 , 341.87 , 182.86
338.19 , 184.74 , 340.58 , 182.95
336.50 , 184.92 , 339.05 , 182.84
339.74 , 181.71 , 341.67 , 180.20
338.19 , 184.74 , 340.58 , 182.95
338.43 , 181.81 , 340.36 , 180.27
338.43 , 181.81 , 340.36 , 180.27
338.43 , 181.81 , 340.36 , 180.27
337.13 , 129.77 , 339.04 , 180.37
334.97 , 133.09 , 338.04 , 185.61
334.71 , 134.70 , 338.38 , 188.25
334.71 , 134.70 , 338.38 , 188.25
334.97 , 133.09 , 338.04 , 185.61
334.71 , 134.70 , 338.38 , 188.25
337.95 , 187.69 , 340.86 , 185.60
337.70 , 190.67 , 341.20 , 188.23
337.70 , 190.67 , 341.20 , 188.23
337.95 , 187.69 , 340.86 , 185.60
337.95 , 187.69 , 340.86 , 185.60
337.95 , 187.69 , 340.86 , 185.60
337.95 , 187.69 , 340.86 , 185.60
339.65 , 187.49 , 342.42 , 185.67
337.95 , 187.69 , 340.86 , 185.60
336.69 , 132.89 , 339.59 , 185.72
336.91 , 131.32 , 339.29 , 183.06
336.91 , 131.32 , 339.29 , 183.06
336.69 , 132.89 , 339.59 , 185.72
336.69 , 132.89 , 339.59 , 185.72
334.71 , 134.70 , 338.38 , 188.25
336.47 , 134.47 , 339.95 , 188.35
336.24 , 136.08 , 340.36 , 190.96
336.24 , 136.08 , 340.36 , 190.96
337.45 , 193.68 , 341.58 , 190.82
334.46 , 136.34 , 338.77 , 190.86
337.45 , 193.68 , 341.58 , 190.82
337.70 , 190.67 , 341.20 , 188.23
339.44 , 190.44 , 342.77 , 188.29
338.21 , 134.24 , 341.53 , 188.42
336.47 , 134.47 , 339.95 , 188.35
338.40 , 132.68 , 341.16 , 185.79
336.69 , 132.89 , 339.59 , 185.72
337.15 , 187.71 , 339.88 , 185.94
336.98 , 190.67 , 340.28 , 188.58
336.98 , 190.67 , 340.28 , 188.58
335.75 , 190.79 , 339.03 , 188.75
335.24 , 190.90 , 338.70 , 188.50
335.24 , 190.90 , 338.70 , 188.50
335.44 , 187.91 , 338.32 , 185.86
335.26 , 190.87 , 338.19 , 188.83
336.24 , 136.08 , 340.36 , 190.96
335.24 , 190.90 , 338.70 , 188.50
334.66 , 199.92 , 339.48 , 196.72
334.86 , 196.87 , 339.00 , 194.12
334.86 , 196.87 , 339.00 , 194.12
336.27 , 137.44 , 339.79 , 191.36
339.23 , 193.43 , 342.61 , 191.33
337.47 , 193.65 , 341.01 , 191.25
339.23 , 193.43 , 342.61 , 191.33
339.23 , 193.43 , 342.61 , 191.33
338.03 , 137.22 , 341.40 , 191.44
338.22 , 135.66 , 341.03 , 188.80
338.22 , 135.66 , 341.03 , 188.80
339.45 , 190.48 , 342.27 , 188.70
339.45 , 190.48 , 342.27 , 188.70
342.40 , 190.19 , 345.09 , 188.67
343.87 , 187.19 , 346.05 , 185.98
342.18 , 187.36 , 344.48 , 185.92
343.87 , 187.19 , 346.05 , 185.98
341.92 , 190.28 , 344.73 , 188.56
342.18 , 187.36 , 344.48 , 185.92
340.92 , 187.45 , 343.23 , 185.97
338.95 , 190.57 , 341.92 , 188.53
339.45 , 190.48 , 342.27 , 188.70
340.68 , 190.38 , 343.50 , 188.62
338.95 , 190.57 , 341.92 , 188.53
339.22 , 187.62 , 341.67 , 185.88
339.22 , 187.62 , 341.67 , 185.88
338.21 , 184.79 , 340.18 , 183.26
337.96 , 187.72 , 340.41 , 185.95
338.21 , 184.79 , 340.18 , 183.26
338.21 , 184.79 , 340.18 , 183.26
338.21 , 184.79 , 340.18 , 183.26
341.39 , 181.68 , 342.85 , 180.62
340.01 , 178.81 , 341.52 , 177.51
340.01 , 178.81 , 341.52 , 177.51
340.01 , 178.81 , 341.52 , 177.51
339.74 , 181.71 , 341.67 , 180.20
338.08 , 181.87 , 340.16 , 180.08
338.08 , 181.87 , 340.16 , 180.08
338.08 , 181.87 , 340.16 , 180.08
338.08 , 181.87 , 340.16 , 180.08
337.79 , 184.81 , 340.35 , 182.75
338.08 , 181.87 , 340.16 , 180.08
337.79 , 184.81 , 340.35 , 182.75
337.72 , 181.93 , 339.98 , 179.89
338.08 , 181.87 , 340.16 , 180.08
337.80 , 184.85 , 339.94 , 183.07
339.09 , 184.76 , 341.22 , 183.04
341.06 , 181.72 , 342.62 , 180.48
340.77 , 184.61 , 342.74 , 183.17
339.09 , 184.76 , 341.22 , 183.04
341.06 , 181.61 , 342.98 , 180.15
340.77 , 184.61 , 342.74 , 183.17
340.49 , 187.53 , 342.92 , 185.83
340.49 , 187.53 , 342.92 , 185.83
340.19 , 190.47 , 343.15 , 188.48
339.69 , 190.57 , 342.81 , 188.33
340.19 , 190.47 , 343.15 , 188.48
337.79 , 196.69 , 342.16 , 193.58
338.68 , 193.55 , 342.22 , 191.16
339.90 , 193.44 , 343.43 , 191.09
339.90 , 193.44 , 343.43 , 191.09
338.68 , 193.55 , 342.22 , 191.16
342.18 , 187.26 , 344.94 , 185.50
340.48 , 187.46 , 343.39 , 185.43
340.44 , 193.33 , 343.82 , 191.24
339.44 , 190.44 , 342.77 , 188.29
338.95 , 190.57 , 341.92 , 188.53
339.65 , 187.49 , 342.42 , 185.67
339.65 , 187.49 , 342.42 , 185.67
337.70 , 190.67 , 341.20 , 188.23
340.92 , 187.37 , 343.69 , 185.58
339.21 , 187.58 , 342.13 , 185.51
340.92 , 187.37 , 343.69 , 185.58
339.65 , 187.49 , 342.42 , 185.67
340.92 , 187.37 , 343.69 , 185.58
339.48 , 184.63 , 341.87 , 182.86
341.15 , 184.45 , 343.41 , 182.94
341.15 , 184.45 , 343.41 , 182.94
338.19 , 184.74 , 340.58 , 182.95
337.96 , 187.72 , 340.41 , 185.95
338.19 , 184.74 , 340.58 , 182.95
339.88 , 184.64 , 341.73 , 183.36
339.65 , 187.49 , 342.42 , 185.67
339.48 , 184.63 , 341.87 , 182.86
339.22 , 187.62 , 341.67 , 185.88
339.48 , 184.63 , 341.87 , 182.86
339.74 , 181.71 , 341.67 , 180.20
339.21 , 187.58 , 342.13 , 185.51
339.21 , 187.58 , 342.13 , 185.51
339.21 , 187.58 , 342.13 , 185.51
339.21 , 187.58 , 342.13 , 185.51
339.48 , 184.63 , 341.87 , 182.86
336.50 , 184.92 , 339.05 , 182.84
337.49 , 187.78 , 340.59 , 185.40
337.79 , 184.81 , 340.35 , 182.75
336.50 , 184.92 , 339.05 , 182.84
336.78 , 181.97 , 338.85 , 180.15
337.96 , 187.72 , 340.41 , 185.95
339.22 , 187.62 , 341.67 , 185.88
342.18 , 187.36 , 344.48 , 185.92
343.74 , 184.38 , 345.55 , 183.25
342.44 , 184.47 , 344.29 , 183.27
342.45 , 184.34 , 344.69 , 182.88
343.46 , 187.15 , 346.19 , 185.45
341.75 , 187.35 , 344.64 , 185.39
341.75 , 187.35 , 344.64 , 185.39
341.75 , 187.35 , 344.64 , 185.39
340.48 , 187.46 , 343.39 , 185.43
340.18 , 190.44 , 343.67 , 188.04
341.12 , 193.34 , 344.63 , 191.05
341.12 , 193.34 , 344.63 , 191.05
341.12 , 193.34 , 344.63 , 191.05
339.90 , 193.44 , 343.43 , 191.09
338.95 , 190.57 , 341.92 , 188.53
338.95 , 190.57 , 341.92 , 188.53
338.68 , 193.55 , 342.22 , 191.16
337.72 , 190.67 , 340.68 , 188.61
337.47 , 193.65 , 341.01 , 191.25
337.72 , 190.67 , 340.68 , 188.61
337.72 , 190.67 , 340.68 , 188.61
337.72 , 190.67 , 340.68 , 188.61
337.72 , 190.67 , 340.68 , 188.61
337.96 , 187.72 , 340.41 , 185.95
339.66 , 187.55 , 341.97 , 186.04
339.45 , 190.48 , 342.27 , 188.70
340.68 , 190.38 , 343.50 , 188.62
340.68 , 190.38 , 343.50 , 188.62
340.92 , 187.45 , 343.23 , 185.97
342.81 , 184.41 , 344.57 , 183.38
341.16 , 184.55 , 343.01 , 183.30
341.39 , 181.68 , 342.85 , 180.62
344.33 , 181.47 , 345.68 , 180.67
341.39 , 181.68 , 342.85 , 180.62
342.70 , 181.59 , 344.15 , 180.59
341.39 , 181.68 , 342.85 , 180.62
341.62 , 178.82 , 342.73 , 177.91
341.62 , 178.82 , 342.73 , 177.91
341.39 , 181.81 , 342.50 , 180.92
344.09 , 184.49 , 345.45 , 183.72
340.93 , 187.55 , 342.78 , 186.33
342.19 , 187.47 , 344.03 , 186.31
340.49 , 187.61 , 342.46 , 186.20
340.78 , 184.72 , 342.34 , 183.50
342.07 , 184.65 , 343.60 , 183.52
339.10 , 184.83 , 340.80 , 183.35
339.10 , 184.83 , 340.80 , 183.35
337.54 , 187.86 , 339.20 , 186.35
337.54 , 187.86 , 339.20 , 186.35
336.15 , 185.05 , 337.59 , 183.41
339.11 , 184.92 , 340.40 , 183.63
339.11 , 184.92 , 340.40 , 183.63
337.83 , 184.97 , 339.12 , 183.61
338.12 , 182.09 , 339.11 , 180.86
337.54 , 187.86 , 339.20 , 186.35
337.25 , 190.78 , 339.32 , 189.08
337.25 , 190.78 , 339.32 , 189.08
338.48 , 190.72 , 340.54 , 189.08
338.48 , 190.72 , 340.54 , 189.08
337.54 , 187.86 , 339.20 , 186.35
337.25 , 190.78 , 339.32 , 189.08
337.25 , 190.78 , 339.32 , 189.08
336.41 , 193.79 , 338.53 , 191.91
336.06 , 196.75 , 338.66 , 194.63
336.06 , 196.75 , 338.66 , 194.63
336.41 , 193.79 , 338.53 , 191.91
336.74 , 190.84 , 338.97 , 188.89
335.50 , 190.91 , 337.75 , 188.89
336.97 , 193.74 , 338.93 , 192.10
337.25 , 190.78 , 339.32 , 189.08
338.18 , 193.68 , 340.12 , 192.11
338.48 , 190.72 , 340.54 , 189.08
335.18 , 193.87 , 337.91 , 191.60
337.25 , 190.78 , 339.32 , 189.08
337.25 , 190.78 , 339.32 , 189.08
335.50 , 190.91 , 337.75 , 188.89
336.02 , 190.85 , 338.09 , 189.10
336.29 , 187.92 , 337.94 , 186.37
336.04 , 190.86 , 337.59 , 189.35
337.54 , 187.86 , 339.20 , 186.35
337.54 , 187.86 , 339.20 , 186.35
337.83 , 184.97 , 339.12 , 183.61
337.83 , 184.97 , 339.12 , 183.61
337.83 , 184.97 , 339.12 , 183.61
339.50 , 184.88 , 340.67 , 183.79
336.56 , 185.02 , 337.84 , 183.62
339.50 , 184.88 , 340.67 , 183.79
339.50 , 184.88 , 340.67 , 183.79
339.24 , 187.76 , 340.76 , 186.52
339.24 , 187.76 , 340.76 , 186.52
340.50 , 187.70 , 342.00 , 186.53
341.45 , 190.53 , 343.33 , 189.26
340.50 , 187.70 , 342.00 , 186.53
341.45 , 190.53 , 343.33 , 189.26
341.44 , 190.44 , 343.85 , 188.87
344.72 , 187.32 , 346.49 , 186.34
345.65 , 190.28 , 347.31 , 189.48
345.65 , 190.28 , 347.31 , 189.48
344.72 , 187.32 , 346.49 , 186.34
342.69 , 190.47 , 344.53 , 189.30
341.76 , 187.53 , 343.70 , 186.20
340.21 , 190.60 , 342.12 , 189.24
340.21 , 190.60 , 342.12 , 189.24
340.50 , 187.70 , 342.00 , 186.53
340.50 , 187.70 , 342.00 , 186.53
339.92 , 193.51 , 342.29 , 191.93
341.67 , 193.37 , 343.90 , 192.05
339.91 , 193.47 , 342.85 , 191.53
341.41 , 196.29 , 344.14 , 194.71
339.92 , 193.51 , 342.29 , 191.93
341.67 , 193.37 , 343.90 , 192.05
342.59 , 196.21 , 345.30 , 194.71
342.88 , 193.30 , 345.08 , 192.05
342.88 , 193.30 , 345.08 , 192.05
342.31 , 199.16 , 345.56 , 197.34
342.59 , 196.21 , 345.30 , 194.71
342.59 , 196.21 , 345.30 , 194.71
341.67 , 193.37 , 343.90 , 192.05
342.59 , 196.21 , 345.30 , 194.71
341.41 , 196.29 , 344.14 , 194.71
341.41 , 196.29 , 344.14 , 194.71
341.67 , 193.37 , 343.90 , 192.05
339.92 , 193.51 , 342.29 , 191.93
339.92 , 193.51 , 342.29 , 191.93
338.71 , 193.58 , 341.09 , 191.94
339.92 , 193.51 , 342.29 , 191.93
341.93 , 190.47 , 343.71 , 189.36
341.93 , 190.47 , 343.71 , 189.36
341.41 , 196.29 , 344.14 , 194.71
342.88 , 193.30 , 345.08 , 192.05
341.67 , 193.37 , 343.90 , 192.05
341.67 , 193.37 , 343.90 , 192.05
340.46 , 193.44 , 342.71 , 192.06
341.67 , 193.37 , 343.90 , 192.05
339.92 , 193.51 , 342.29 , 191.93
339.92 , 193.51 , 342.29 , 191.93
338.98 , 190.66 , 340.90 , 189.24
338.98 , 190.66 , 340.90 , 189.24
337.75 , 190.72 , 339.67 , 189.27
337.75 , 190.72 , 339.67 , 189.27
338.98 , 190.66 , 340.90 , 189.24
337.99 , 187.82 , 339.51 , 186.54
338.98 , 190.66 , 340.90 , 189.24
339.24 , 187.76 , 340.76 , 186.52
340.70 , 190.64 , 342.00 , 189.70
339.24 , 187.76 , 340.76 , 186.52
338.98 , 190.66 , 340.90 , 189.24
337.99 , 187.82 , 339.51 , 186.54
337.99 , 187.82 , 339.51 , 186.54
339.24 , 187.76 , 340.76 , 186.52
338.71 , 193.58 , 341.09 , 191.94
338.44 , 196.53 , 341.34 , 194.62
339.63 , 196.46 , 342.51 , 194.60
339.63 , 196.46 , 342.51 , 194.60
339.63 , 196.46 , 342.51 , 194.60
340.82 , 196.38 , 343.67 , 194.60
341.13 , 193.38 , 344.05 , 191.52
341.13 , 193.38 , 344.05 , 191.52
339.63 , 196.46 , 342.51 , 194.60
339.91 , 193.47 , 342.85 , 191.53
339.92 , 193.51 , 342.29 , 191.93
339.63 , 196.46 , 342.51 , 194.60
339.63 , 196.46 , 342.51 , 194.60
338.44 , 196.53 , 341.34 , 194.62
338.44 , 196.53 , 341.34 , 194.62
335.72 , 193.82 , 338.85 , 191.50
338.70 , 193.56 , 341.65 , 191.57
339.91 , 193.47 , 342.85 , 191.53
339.63 , 196.46 , 342.51 , 194.60
342.59 , 196.21 , 345.30 , 194.71
339.63 , 196.46 , 342.51 , 194.60
341.41 , 196.29 , 344.14 , 194.71
339.63 , 196.46 , 342.51 , 194.60
340.50 , 199.35 , 343.92 , 197.24
334.20 , 196.97 , 337.71 , 194.07
334.97 , 199.94 , 339.08 , 196.74
334.97 , 199.94 , 339.08 , 196.74
335.39 , 196.89 , 338.88 , 194.08
333.80 , 200.02 , 337.94 , 196.74
336.03 , 196.80 , 339.29 , 194.28
335.66 , 199.82 , 339.53 , 196.94
335.70 , 199.75 , 338.85 , 197.33
335.70 , 199.75 , 338.85 , 197.33
337.85 , 196.62 , 340.27 , 194.82
335.70 , 199.75 , 338.85 , 197.33
